// 2000	300
92.7	155	161.66	90	299	299
84.7	155	132.92	90	299	299
76.1	155	115.96	77	299	299
73.4	155	105.12	32	299	299
64.3	135	94.42	32	299	299
55.8	135	84.18	32	299	299
57.1	135	79.52	32	299	299
53.8	110	70.86	32	299	299
48.3	125	59.78	32	299	299
42.3	125	50.92	32	299	299
39.7	125	44.76	16	299	299
38.9	125	40.58	0	299	299
42	125	36.74	0	299	299
41.1	120	28.3	0	299	299
39.7	115	20.62	0	299	299
41.4	115	13.32	0	299	299
36.3	105	8.32	0	299	299
38	115	4.48	0	299	299
34.9	105	0.32	0	299	299
36.9	105	0.32	0	299	299
38.1	105	0.32	0	299	299
39.4	105	0.32	0	299	299
40.5	105	0.32	0	299	299
41.2	105	0.32	0	299	299
41.4	105	0.32	0	299	299
43.2	105	0.32	0	299	299
45.7	135	0.96	0	299	299
46.5	135	0.96	0	299	299
47.2	135	0.96	0	299	299
47.8	135	0.96	0	299	299
49.1	135	1.12	0	299	299
49.4	135	1.12	0	299	299
51	135	1.44	0	299	299
51.8	135	1.44	0	299	299
52.1	135	1.44	0	299	299
54.6	135	1.6	0	299	299
53.9	105	0.8	0	299	299
54.5	105	0.8	0	299	299
54.9	105	0.8	0	299	299
56	105	0.64	0	299	299
56	105	0.64	0	299	299
57.1	105	0.96	0	299	299
57.3	105	0.96	0	299	299
58.8	105	0.96	0	299	299
59.6	105	1.12	0	299	299
59.7	105	1.12	0	299	299
60.7	105	1.12	0	299	299
61.7	105	1.12	0	299	299
61.9	105	1.12	0	299	299
62.1	105	1.12	0	299	299
63.8	105	1.28	0	299	299
65	105	1.6	0	299	299
67	105	1.92	0	299	299
68.8	105	2.24	0	299	299
68.8	105	1.6	0	299	299
69.2	105	1.28	0	299	299
72.1	105	1.6	0	299	299
74.9	105	2.08	0	299	299
78.8	105	2.24	0	299	299
78.5	105	1.44	0	299	299
78.9	100	0.64	0	299	299
80.5	100	0.16	0	299	299
83.5	100	0	0	299	299
84.9	100	0	0	299	299
86.7	100	0	0	299	299
88.8	100	0	0	299	299
89.9	100	0	0	299	299
91.3	115	0	0	299	299
93.5	115	0.16	0	299	299
94.8	115	0.16	0	299	299
96.6	115	0.16	0	299	299
98.2	115	0.16	0	299	299
99.6	115	0.32	0	299	299
99.4	115	0	0	299	299
100.6	120	0.16	0	299	299
101.6	120	0.32	0	299	299
103.6	120	0.48	0	299	299
102.9	120	0	0	299	299
104	125	0	0	299	299
104.3	125	0	0	299	299
104.6	125	0	0	299	299
105.9	125	0	0	299	299
106.8	125	0	0	299	299
107.6	125	0	0	299	299
107.8	125	0	0	299	299
108.1	125	0	0	299	299
109	125	0	0	299	299
110.1	125	0	0	299	299
111.1	125	0	0	299	299
111.4	125	0	0	299	299
111.7	125	0	0	299	299
111.8	125	0	0	299	299
111.8	125	0	0	299	299
112.1	125	0	0	299	299
112.7	125	0	0	299	299
112.8	125	0	0	299	299
113	125	0	0	299	299
113.4	125	0	0	299	299
113.4	125	0	0	299	299
114.1	135	0	0	299	299
114.2	135	0	0	299	299
// 2000	300
91.2	160	174.26	90	299	299
79.5	160	133.18	45	299	299
73.5	160	114.34	45	299	299
66.4	160	99.24	45	299	299
59.2	165	89.74	45	299	299
58.6	130	85.14	16	299	299
57.3	130	77.56	16	299	299
58.9	130	72.02	16	299	299
56.1	130	64.38	16	299	299
49.6	130	56.5	16	299	299
41.9	95	48.18	16	299	299
41.3	105	43.3	16	299	299
43	105	41.3	0	299	299
45.1	105	39.56	0	299	299
46.8	105	37.56	0	299	299
47	105	35.62	0	299	299
46.9	105	30.84	0	299	299
40.3	105	24.52	0	299	299
37.6	105	18.98	0	299	299
32	105	9.92	0	299	299
28.9	105	5.12	0	299	299
24.6	100	0.64	0	299	299
27.3	100	0.64	0	299	299
29.1	100	0.64	0	299	299
31.2	100	0.64	0	299	299
32.6	100	0.32	0	299	299
33.8	100	0.32	0	299	299
34.8	100	0.32	0	299	299
36	100	0.32	0	299	299
37.1	100	0.32	0	299	299
38.5	100	0.32	0	299	299
39.3	100	0.32	0	299	299
40.2	100	0.32	0	299	299
41.1	100	0.32	0	299	299
41.9	100	0.32	0	299	299
42.5	100	0.32	0	299	299
42.6	100	0.32	0	299	299
43	100	0.32	0	299	299
43.6	100	0.32	0	299	299
44.7	100	0.32	0	299	299
45.8	100	0.32	0	299	299
46.4	100	0.32	0	299	299
47.8	100	0.32	0	299	299
48.3	100	0.32	0	299	299
48.3	100	0.32	0	299	299
48.6	100	0.32	0	299	299
48.9	100	0.32	0	299	299
49.2	100	0.32	0	299	299
50.5	100	0.64	0	299	299
51.4	100	0.64	0	299	299
51.6	100	0.64	0	299	299
52	100	0.64	0	299	299
53.8	100	0.96	0	299	299
54	100	0.96	0	299	299
55.1	100	1.28	0	299	299
55.4	100	1.28	0	299	299
55.6	100	1.28	0	299	299
56.9	100	1.6	0	299	299
57.2	100	1.6	0	299	299
57.4	100	1.6	0	299	299
58.8	100	1.6	0	299	299
59.1	100	1.6	0	299	299
60.3	100	1.6	0	299	299
62.6	100	1.92	0	299	299
65.1	100	2.24	0	299	299
59.5	100	0	0	299	299
60.2	100	0	0	299	299
61.8	100	0	0	299	299
63.3	100	0	0	299	299
65.4	100	0	0	299	299
67.2	100	0	0	299	299
68.5	100	0	0	299	299
69.8	100	0	0	299	299
70.7	100	0	0	299	299
74.3	100	0	0	299	299
76.7	100	0	0	299	299
78.8	100	0	0	299	299
80.6	100	0	0	299	299
81.8	100	0	0	299	299
83.7	100	0	0	299	299
84.7	100	0	0	299	299
86.6	100	0	0	299	299
88.4	100	0	0	299	299
89.6	100	0	0	299	299
91.1	100	0	0	299	299
92.5	105	0	0	299	299
94.3	105	0	0	299	299
96.7	110	0	0	299	299
98	110	0	0	299	299
99.2	110	0	0	299	299
101.4	120	0	0	299	299
103.2	120	0	0	299	299
104	120	0	0	299	299
105.6	120	0	0	299	299
107.6	120	0	0	299	299
109.2	130	0	0	299	299
111.1	130	0	0	299	299
113.2	130	0	0	299	299
114.3	130	0	0	299	299
116.4	130	0	0	299	299
118.3	130	0	0	299	299
// 2000	300
93	175	175.36	53	299	299
80	160	131.58	45	299	299
69.4	160	111.68	45	299	299
61.6	120	90.96	45	299	299
53.4	110	82.04	45	299	299
53.6	135	70.08	45	299	299
49.2	110	62.58	40	299	299
41	100	53.5	0	299	299
36.2	95	46.86	0	299	299
36	95	43.1	0	299	299
36.7	95	42.26	0	299	299
38.3	95	40.2	0	299	299
39.9	95	38.2	0	299	299
39.9	95	33.88	0	299	299
36.2	95	29.76	0	299	299
34.2	95	24.56	0	299	299
33.5	100	20.96	0	299	299
31.9	100	15.04	0	299	299
25.1	70	9.92	0	299	299
26.5	70	7.84	0	299	299
26.4	60	4.16	0	299	299
25.1	60	0.16	0	299	299
27.6	60	0.16	0	299	299
29.7	60	0.16	0	299	299
31.2	60	0.16	0	299	299
32.5	60	0.32	0	299	299
34.7	60	0.48	0	299	299
36	60	0.48	0	299	299
38.4	60	0.48	0	299	299
39	60	0.48	0	299	299
40	60	0.48	0	299	299
41.2	60	0.48	0	299	299
41.2	50	0	0	299	299
42.3	50	0	0	299	299
43.9	55	0	0	299	299
45.1	55	0	0	299	299
46.9	55	0	0	299	299
47.7	55	0	0	299	299
48.6	55	0	0	299	299
50.1	60	0	0	299	299
50.5	60	0	0	299	299
50.9	60	0	0	299	299
51.8	60	0	0	299	299
52.6	65	0	0	299	299
53.3	65	0	0	299	299
54.6	65	0	0	299	299
55.8	65	0	0	299	299
57	65	0	0	299	299
57.6	65	0	0	299	299
58.9	65	0	0	299	299
60.1	65	0	0	299	299
61.6	65	0	0	299	299
62.4	70	0	0	299	299
63	70	0	0	299	299
63.8	75	0	0	299	299
64.6	75	0	0	299	299
65.5	75	0	0	299	299
65.7	75	0	0	299	299
65.9	75	0	0	299	299
65.9	75	0	0	299	299
66.2	75	0	0	299	299
66.5	75	0	0	299	299
66.9	75	0	0	299	299
67.5	75	0	0	299	299
68.2	75	0	0	299	299
69	75	0	0	299	299
70	75	0	0	299	299
70.5	75	0	0	299	299
70.8	75	0	0	299	299
71.1	75	0	0	299	299
71.4	75	0	0	299	299
72.2	75	0	0	299	299
72.9	75	0	0	299	299
73.9	75	0	0	299	299
75	75	0	0	299	299
75.2	80	0	0	299	299
75.7	80	0	0	299	299
75.7	80	0	0	299	299
76.4	80	0	0	299	299
76.7	80	0	0	299	299
77.4	85	0	0	299	299
78.2	85	0	0	299	299
79.1	85	0	0	299	299
80.1	85	0	0	299	299
80.2	85	0	0	299	299
80.2	85	0	0	299	299
80.7	85	0	0	299	299
81.1	85	0	0	299	299
81.6	85	0	0	299	299
82.4	85	0	0	299	299
83.5	85	0	0	299	299
84	85	0	0	299	299
85.1	90	0	0	299	299
85.2	90	0	0	299	299
85.2	90	0	0	299	299
85.2	90	0	0	299	299
85.2	90	0	0	299	299
85.3	90	0	0	299	299
85.4	90	0	0	299	299
85.4	90	0	0	299	299
85.4	90	0	0	299	299
// 2000	300
98.5	200	170.32	61	299	299
87.5	200	130.9	61	299	299
81.4	200	112.96	45	299	299
74.8	200	96.02	45	299	299
70.5	200	85.94	45	299	299
69	130	77.2	32	299	299
67.3	130	71.96	32	299	299
66.7	130	67.06	16	299	299
63.6	130	60.02	16	299	299
60.3	130	54.92	16	299	299
53.3	130	49.06	8	299	299
49.9	130	45.54	8	299	299
52.2	130	45	8	299	299
53.7	130	44.74	8	299	299
53.3	95	43.7	8	299	299
53	90	41.12	8	299	299
53.5	90	40.86	8	299	299
52.6	85	39.9	8	299	299
55.5	85	38.32	8	299	299
55.3	85	37.8	8	299	299
54	85	36.76	8	299	299
55	95	35.86	8	299	299
54.7	95	34.7	8	299	299
52.7	95	31.44	0	299	299
53.4	95	29.7	0	299	299
52.6	95	26.68	0	299	299
50.6	95	23.88	0	299	299
51.3	95	23.24	0	299	299
49.6	95	19.72	0	299	299
47.9	95	16.26	0	299	299
46.9	95	13.86	0	299	299
41.8	85	7.68	0	299	299
40.8	75	3.52	0	299	299
39.1	75	0.64	0	299	299
41.5	75	0.32	0	299	299
44	75	0.48	0	299	299
47	75	0.48	0	299	299
48.1	75	0.48	0	299	299
49.2	75	0.48	0	299	299
51.2	75	0.48	0	299	299
52.2	75	0.48	0	299	299
54	75	0.64	0	299	299
53.3	75	0	0	299	299
54.1	75	0	0	299	299
55.6	75	0	0	299	299
56.4	75	0	0	299	299
57.5	75	0	0	299	299
58.3	75	0	0	299	299
59.2	75	0	0	299	299
59.8	75	0	0	299	299
59.9	75	0	0	299	299
62.1	90	0	0	299	299
62.6	90	0	0	299	299
63.4	90	0	0	299	299
63.9	90	0	0	299	299
64.3	90	0	0	299	299
64.9	90	0	0	299	299
65.8	90	0	0	299	299
66.6	90	0	0	299	299
68.1	90	0	0	299	299
69.3	90	0	0	299	299
70.6	90	0	0	299	299
71.7	90	0	0	299	299
73.5	90	0	0	299	299
75.3	90	0	0	299	299
78.4	90	0	0	299	299
79.9	90	0	0	299	299
82.8	95	0	0	299	299
84.9	100	0	0	299	299
87.3	100	0	0	299	299
87.9	100	0	0	299	299
88.7	100	0	0	299	299
90	100	0	0	299	299
91.6	100	0	0	299	299
92.2	100	0	0	299	299
93	100	0	0	299	299
94.1	100	0	0	299	299
95.8	105	0	0	299	299
97.3	105	0	0	299	299
98.1	105	0	0	299	299
98.9	105	0	0	299	299
99.6	105	0	0	299	299
101.1	105	0	0	299	299
101.5	105	0	0	299	299
101.8	105	0	0	299	299
102	105	0	0	299	299
102.4	105	0	0	299	299
102.8	105	0	0	299	299
103.9	110	0	0	299	299
104.7	110	0	0	299	299
105.5	110	0	0	299	299
106.1	110	0	0	299	299
106.4	115	0	0	299	299
107.1	115	0	0	299	299
107.7	115	0	0	299	299
108.3	115	0	0	299	299
109.5	115	0	0	299	299
110.8	115	0	0	299	299
111.1	115	0	0	299	299
111.3	115	0	0	299	299
111.8	120	0	0	299	299
// 2000	300
90.8	175	172.18	77	299	299
87.8	170	140.84	64	299	299
81.3	140	120.06	64	299	299
78.5	140	100.68	45	299	299
76.2	150	91.54	45	299	299
73.8	150	85.78	45	299	299
77.5	150	83.58	45	299	299
79.7	150	78.82	45	299	299
74.5	150	70.28	0	299	299
70.8	150	62.9	0	299	299
63.5	150	56.1	0	299	299
62.4	150	52.18	0	299	299
55.1	135	46.3	0	299	299
53.4	135	43.54	0	299	299
50.4	135	38.02	0	299	299
47.5	130	31.72	0	299	299
46.6	130	24.96	0	299	299
49.5	130	21.72	0	299	299
45.8	130	13.26	0	299	299
41	110	4.64	0	299	299
34.7	50	0	0	299	299
37.9	50	0	0	299	299
40.6	50	0	0	299	299
42	50	0	0	299	299
42.9	60	0	0	299	299
43.3	60	0	0	299	299
44.2	60	0	0	299	299
45.2	60	0	0	299	299
46.6	60	0	0	299	299
46.8	60	0	0	299	299
47.2	65	0	0	299	299
47.4	65	0	0	299	299
47.5	65	0	0	299	299
47.8	65	0	0	299	299
48.6	65	0	0	299	299
49.5	65	0	0	299	299
51.7	130	0.32	0	299	299
52.9	130	0.32	0	299	299
53.3	130	0.32	0	299	299
53.5	130	0.32	0	299	299
53.5	130	0.32	0	299	299
53.6	130	0.32	0	299	299
54.3	130	0.32	0	299	299
54.4	130	0.32	0	299	299
55.1	130	0.32	0	299	299
55.5	130	0.32	0	299	299
55.9	130	0.32	0	299	299
56.3	130	0.32	0	299	299
57.8	130	0.32	0	299	299
60.4	130	0.32	0	299	299
62.4	130	0.32	0	299	299
64.2	130	0.32	0	299	299
66.7	130	0.32	0	299	299
67.9	130	0.32	0	299	299
69.5	130	0.32	0	299	299
71.8	130	0.64	0	299	299
73.7	130	0.64	0	299	299
74.4	130	0.32	0	299	299
75.4	130	0.32	0	299	299
76.2	130	0.32	0	299	299
78	130	0.32	0	299	299
78.2	130	0.32	0	299	299
78.5	130	0.32	0	299	299
80.1	130	0.32	0	299	299
81.5	130	0.32	0	299	299
83.4	130	0.64	0	299	299
86.3	130	0.96	0	299	299
86.2	130	0.64	0	299	299
87.4	130	0.64	0	299	299
88.8	130	0.64	0	299	299
87.5	95	0	0	299	299
88.2	100	0	0	299	299
89.6	100	0	0	299	299
90.4	100	0	0	299	299
91.9	100	0	0	299	299
92.4	100	0	0	299	299
93.2	105	0	0	299	299
94.1	105	0	0	299	299
94.9	105	0	0	299	299
95.6	105	0	0	299	299
96.6	105	0	0	299	299
97	105	0	0	299	299
98.2	110	0	0	299	299
99	110	0	0	299	299
100.3	110	0	0	299	299
101	110	0	0	299	299
102.1	110	0	0	299	299
102.4	110	0	0	299	299
103.2	110	0	0	299	299
104.3	110	0	0	299	299
105.8	110	0	0	299	299
106.5	110	0	0	299	299
107.2	110	0	0	299	299
108.3	115	0	0	299	299
109.7	115	0	0	299	299
110.2	115	0	0	299	299
110.2	115	0	0	299	299
110.2	115	0	0	299	299
110.4	115	0	0	299	299
110.4	115	0	0	299	299
110.5	115	0	0	299	299
// 2000	300
89.5	175	174	45	299	299
74.8	175	135.82	45	299	299
65	140	114.36	45	299	299
61.5	135	100.38	45	299	299
57.2	135	87.48	45	299	299
50.4	90	76.46	45	299	299
52.7	90	70.82	16	299	299
53.2	90	65.12	0	299	299
48.3	90	57.28	0	299	299
41.1	90	48.66	0	299	299
39.9	90	40.48	0	299	299
38.6	90	35.34	0	299	299
38.9	100	30.06	0	299	299
33.6	75	23.2	0	299	299
36.6	80	19.22	0	299	299
29.2	80	11.2	0	299	299
32.5	90	8.32	0	299	299
33.6	90	4.96	0	299	299
29.3	90	0.32	0	299	299
32.1	90	0.32	0	299	299
35.4	90	0.32	0	299	299
36.4	90	0.32	0	299	299
37.2	90	0.32	0	299	299
38.6	90	0.32	0	299	299
38.3	90	0	0	299	299
39	90	0	0	299	299
40.4	90	0	0	299	299
41.4	90	0	0	299	299
43.3	90	0	0	299	299
44	90	0	0	299	299
45	90	0	0	299	299
45.2	90	0	0	299	299
45.8	90	0	0	299	299
46.6	90	0	0	299	299
48	90	0	0	299	299
48.5	90	0	0	299	299
50.2	95	0.32	0	299	299
50.6	95	0.32	0	299	299
50.9	95	0.32	0	299	299
53.1	95	0.32	0	299	299
53.8	95	0.32	0	299	299
54.8	95	0	0	299	299
56.2	95	0	0	299	299
58.5	95	0	0	299	299
60.1	95	0	0	299	299
61	95	0	0	299	299
63	95	0	0	299	299
64.6	95	0	0	299	299
66.4	95	0.16	0	299	299
67.7	100	0.16	0	299	299
69.8	100	0.16	0	299	299
70.5	100	0.16	0	299	299
70.9	100	0.16	0	299	299
72	100	0.16	0	299	299
72.8	100	0.16	0	299	299
72.9	100	0.16	0	299	299
75	100	0.16	0	299	299
75.3	100	0.16	0	299	299
77.7	100	0.32	0	299	299
79	100	0.32	0	299	299
84.5	100	0.32	0	299	299
89.3	105	0	0	299	299
93	105	0	0	299	299
95	105	0	0	299	299
97.5	105	0	0	299	299
99	110	0	0	299	299
100.1	110	0	0	299	299
101.3	110	0	0	299	299
101.4	110	0	0	299	299
102	110	0	0	299	299
102.8	110	0	0	299	299
103.4	110	0	0	299	299
105.3	110	0	0	299	299
106.1	115	0	0	299	299
106.1	115	0	0	299	299
106.9	115	0	0	299	299
107.6	115	0	0	299	299
109	115	0	0	299	299
110.4	115	0	0	299	299
110.7	115	0	0	299	299
111.3	115	0	0	299	299
111.9	115	0	0	299	299
112.8	115	0	0	299	299
113.6	115	0	0	299	299
115	115	0	0	299	299
115	115	0	0	299	299
115	115	0	0	299	299
115	115	0	0	299	299
115	115	0	0	299	299
115	115	0	0	299	299
115	115	0	0	299	299
115	115	0	0	299	299
115	115	0	0	299	299
115	115	0	0	299	299
115	115	0	0	299	299
115	115	0	0	299	299
115	115	0	0	299	299
115	115	0	0	299	299
115	115	0	0	299	299
115	115	0	0	299	299
115	115	0	0	299	299
// 2000	300
96.7	160	182.24	45	299	299
77.7	145	132.52	45	299	299
69.7	140	107.78	45	299	299
65.4	125	96.84	45	299	299
57	125	81.26	45	299	299
55.2	105	71.98	45	299	299
52.2	100	63.8	45	299	299
45.9	100	55.4	45	299	299
35.3	100	46.76	45	299	299
36.8	100	45.7	32	299	299
42	100	45.6	24	299	299
43.8	100	45.02	16	299	299
43.3	100	44.12	16	299	299
46	100	43.6	16	299	299
46.8	100	42.76	16	299	299
47.1	100	41.4	0	299	299
47.8	100	40.62	0	299	299
48.3	100	40.1	0	299	299
48.6	100	39.26	0	299	299
49.1	100	38.42	0	299	299
49.1	100	36.48	0	299	299
49.3	100	33.48	0	299	299
44.1	85	26.34	0	299	299
40.8	85	19.82	0	299	299
34.4	85	12	0	299	299
31.9	85	5.12	0	299	299
27.9	70	0.32	0	299	299
30.1	45	0	0	299	299
32.7	45	0	0	299	299
34.1	45	0	0	299	299
36	45	0	0	299	299
38.1	45	0	0	299	299
39	45	0	0	299	299
40	45	0	0	299	299
41.5	45	0	0	299	299
42.5	50	0	0	299	299
43.2	50	0	0	299	299
43.9	50	0	0	299	299
44.9	50	0	0	299	299
45.8	50	0	0	299	299
46	50	0	0	299	299
46.3	50	0	0	299	299
46.9	55	0	0	299	299
47.3	55	0	0	299	299
48.1	55	0	0	299	299
48.9	55	0	0	299	299
49.7	55	0	0	299	299
50.4	55	0	0	299	299
50.5	55	0	0	299	299
50.6	55	0	0	299	299
51	55	0	0	299	299
51.5	55	0	0	299	299
51.8	55	0	0	299	299
52.1	55	0	0	299	299
52.9	55	0	0	299	299
53.3	55	0	0	299	299
53.7	55	0	0	299	299
54.5	55	0	0	299	299
55	55	0	0	299	299
55.1	60	0	0	299	299
55.1	60	0	0	299	299
55.4	65	0	0	299	299
55.7	65	0	0	299	299
55.8	65	0	0	299	299
56.2	65	0	0	299	299
56.4	65	0	0	299	299
56.9	65	0	0	299	299
57.1	65	0	0	299	299
57.3	65	0	0	299	299
58.1	65	0	0	299	299
58.7	65	0	0	299	299
59.6	65	0	0	299	299
61.6	70	0	0	299	299
62	70	0	0	299	299
63.3	70	0	0	299	299
64.4	70	0	0	299	299
65.5	70	0	0	299	299
65.6	70	0	0	299	299
65.7	70	0	0	299	299
65.7	70	0	0	299	299
66.3	75	0	0	299	299
67	75	0	0	299	299
68	75	0	0	299	299
69	75	0	0	299	299
70.2	75	0	0	299	299
71	75	0	0	299	299
71.3	75	0	0	299	299
71.6	75	0	0	299	299
72.1	75	0	0	299	299
72.4	75	0	0	299	299
72.6	75	0	0	299	299
73.4	75	0	0	299	299
74.4	80	0	0	299	299
75.5	80	0	0	299	299
75.8	80	0	0	299	299
76.1	80	0	0	299	299
76.3	80	0	0	299	299
76.7	80	0	0	299	299
77.1	80	0	0	299	299
77.7	80	0	0	299	299
78.6	85	0	0	299	299
// 2000	300
89.7	165	172.48	90	299	299
79.7	165	131.68	32	299	299
79.5	135	115.54	16	299	299
77.5	135	104.8	16	299	299
72	135	91.78	16	299	299
63	135	74.1	16	299	299
59.7	135	65.22	16	299	299
54.7	135	59.7	16	299	299
48.5	110	53.34	16	299	299
39.5	110	45.66	16	299	299
37.1	110	42.58	16	299	299
37.8	110	41.44	16	299	299
38.7	110	39.5	16	299	299
39.2	110	37.56	0	299	299
38.6	110	34.92	0	299	299
38	110	32.98	0	299	299
33.9	55	28.56	0	299	299
35.1	55	26.88	0	299	299
35.5	55	25.28	0	299	299
36.2	55	23.68	0	299	299
37.3	65	22.56	0	299	299
36.5	65	20.96	0	299	299
35.9	70	18.24	0	299	299
32.2	70	15.68	0	299	299
29	70	12.16	0	299	299
29.3	60	10.24	0	299	299
29.5	60	8.32	0	299	299
29.2	60	6.08	0	299	299
26.5	60	2.72	0	299	299
23.6	45	0	0	299	299
25.2	45	0	0	299	299
27.2	45	0	0	299	299
27.8	45	0	0	299	299
28.7	45	0	0	299	299
29.7	45	0	0	299	299
30.8	45	0	0	299	299
32.7	45	0	0	299	299
33.7	45	0	0	299	299
34.8	45	0	0	299	299
36.6	55	0.16	0	299	299
37.9	55	0.16	0	299	299
39.3	60	0.32	0	299	299
39.8	60	0.16	0	299	299
40.9	60	0.16	0	299	299
42.6	60	0.16	0	299	299
44.5	50	0	0	299	299
45.7	60	0	0	299	299
47.8	60	0	0	299	299
48.8	60	0	0	299	299
50.9	60	0	0	299	299
52.3	60	0	0	299	299
53.6	60	0	0	299	299
54.6	60	0	0	299	299
56.6	65	0	0	299	299
57.6	65	0	0	299	299
58.7	65	0	0	299	299
60.6	65	0	0	299	299
61.5	70	0	0	299	299
62.1	70	0	0	299	299
62.9	70	0	0	299	299
64	70	0	0	299	299
66	75	0	0	299	299
66.4	75	0	0	299	299
66.6	75	0	0	299	299
67.6	75	0	0	299	299
67.9	75	0	0	299	299
69.1	75	0	0	299	299
70.3	75	0	0	299	299
70.6	75	0	0	299	299
70.8	75	0	0	299	299
71.1	75	0	0	299	299
71.3	75	0	0	299	299
71.7	75	0	0	299	299
72.2	75	0	0	299	299
73.2	75	0	0	299	299
74	75	0	0	299	299
74.9	75	0	0	299	299
75	75	0	0	299	299
75	75	0	0	299	299
75	75	0	0	299	299
75	75	0	0	299	299
75	75	0	0	299	299
75	75	0	0	299	299
75	75	0	0	299	299
75	75	0	0	299	299
75	75	0	0	299	299
75	75	0	0	299	299
75	75	0	0	299	299
75	75	0	0	299	299
75	75	0	0	299	299
75	75	0	0	299	299
75.1	80	0	0	299	299
75.2	80	0	0	299	299
75.7	85	0	0	299	299
76	85	0	0	299	299
76.5	85	0	0	299	299
77.2	85	0	0	299	299
78.2	85	0	0	299	299
80.1	85	0	0	299	299
80.7	85	0	0	299	299
81.3	85	0	0	299	299
// 2000	300
94.4	180	166.88	90	299	299
88.8	180	141.62	90	299	299
77.4	180	122.28	45	299	299
79.8	180	115.56	45	299	299
77.4	180	107.26	45	299	299
66.7	180	95.94	45	299	299
60.8	180	89.44	45	299	299
61.6	180	84.74	45	299	299
62	180	81.22	32	299	299
61	180	74.24	32	299	299
57.6	180	64.1	24	299	299
48.1	120	52	24	299	299
39.6	120	41.06	0	299	299
38.2	75	38.06	0	299	299
37.2	70	32.96	0	299	299
36.6	90	25.58	0	299	299
35.4	90	19.84	0	299	299
36	90	16.8	0	299	299
31.1	105	8.32	0	299	299
26.7	85	2.24	0	299	299
24.5	65	0.32	0	299	299
25.6	35	0	0	299	299
27.9	40	0	0	299	299
29.2	40	0	0	299	299
30.8	40	0	0	299	299
32.6	45	0	0	299	299
33.8	45	0	0	299	299
35.1	45	0	0	299	299
36.2	45	0	0	299	299
37.2	45	0	0	299	299
37.8	45	0	0	299	299
39	45	0	0	299	299
40.1	45	0	0	299	299
41.2	45	0	0	299	299
41.7	50	0	0	299	299
42.3	50	0	0	299	299
43	50	0	0	299	299
44.7	75	0	0	299	299
45.8	75	0	0	299	299
46.3	75	0	0	299	299
46.8	75	0	0	299	299
47.6	75	0	0	299	299
49	75	0	0	299	299
50.5	75	0	0	299	299
51.1	75	0	0	299	299
51.7	75	0	0	299	299
52.7	80	0	0	299	299
53.1	80	0	0	299	299
54	80	0	0	299	299
54.9	80	0	0	299	299
56.5	85	0	0	299	299
58.3	85	0	0	299	299
59.6	85	0	0	299	299
60.9	85	0	0	299	299
62	85	0	0	299	299
63.3	85	0	0	299	299
64.1	85	0	0	299	299
65	85	0	0	299	299
66	85	0	0	299	299
66.4	85	0	0	299	299
68	85	0	0	299	299
68.4	85	0	0	299	299
68.7	85	0	0	299	299
69.2	85	0	0	299	299
69.7	85	0	0	299	299
71.1	85	0	0	299	299
72.2	85	0	0	299	299
73.1	85	0	0	299	299
73.9	85	0	0	299	299
74.7	85	0	0	299	299
75.3	85	0	0	299	299
77	85	0	0	299	299
78.2	85	0	0	299	299
78.9	85	0	0	299	299
79.7	90	0	0	299	299
80	90	0	0	299	299
80.6	90	0	0	299	299
81.4	90	0	0	299	299
81.7	90	0	0	299	299
82.1	90	0	0	299	299
82.6	90	0	0	299	299
82.9	90	0	0	299	299
83.8	90	0	0	299	299
84.6	95	0	0	299	299
85.4	95	0	0	299	299
85.9	95	0	0	299	299
86.3	95	0	0	299	299
86.8	95	0	0	299	299
86.9	95	0	0	299	299
87.1	95	0	0	299	299
87.4	95	0	0	299	299
87.7	95	0	0	299	299
88.6	95	0	0	299	299
89	100	0	0	299	299
89.3	100	0	0	299	299
89.9	100	0	0	299	299
91.3	100	0	0	299	299
91.6	100	0	0	299	299
92	100	0	0	299	299
92.6	100	0	0	299	299
93	100	0	0	299	299
// 2000	300
97	170	184.38	90	299	299
87.3	170	145.24	61	299	299
71.4	145	120.6	45	299	299
70.4	145	110.94	45	299	299
67.8	145	101.18	45	299	299
53.8	145	89.36	45	299	299
49.1	100	81.88	45	299	299
51.7	100	77.88	45	299	299
52	105	69.66	0	299	299
49	105	63.42	0	299	299
47.5	105	59.86	0	299	299
44.1	105	53.96	0	299	299
42.1	105	50.24	0	299	299
41.3	105	47.84	0	299	299
38.5	100	44.48	0	299	299
39.5	100	43.8	0	299	299
40.9	100	43.36	0	299	299
42.3	100	42.52	0	299	299
43	100	40.42	0	299	299
43.9	100	39.26	0	299	299
44.2	100	38.22	0	299	299
44.7	100	35.54	0	299	299
43.7	75	34.02	0	299	299
42.1	75	29.08	0	299	299
39.7	75	25.6	0	299	299
40	70	22.08	0	299	299
41.1	70	17.6	0	299	299
40.6	70	14.56	0	299	299
37.4	70	9.44	0	299	299
38.6	70	7.84	0	299	299
37.6	70	4.8	0	299	299
38.2	70	3.2	0	299	299
36	70	0.48	0	299	299
38.3	70	0	0	299	299
39.7	70	0	0	299	299
41.3	70	0	0	299	299
42.9	70	0	0	299	299
45.4	70	0	0	299	299
47.7	70	0	0	299	299
48.5	70	0	0	299	299
49.5	70	0	0	299	299
50.8	70	0	0	299	299
52.3	70	0	0	299	299
52.5	70	0	0	299	299
54.2	70	0	0	299	299
55.3	70	0	0	299	299
56.7	70	0.16	0	299	299
57.5	70	0	0	299	299
58.5	70	0	0	299	299
60.6	70	0	0	299	299
63.2	70	0	0	299	299
65.3	70	0	0	299	299
67.2	70	0	0	299	299
68	70	0	0	299	299
69.7	75	0	0	299	299
70.2	75	0	0	299	299
70.3	75	0	0	299	299
70.5	75	0	0	299	299
70.9	75	0	0	299	299
71.8	75	0	0	299	299
72.8	75	0	0	299	299
73.7	75	0	0	299	299
75.1	80	0	0	299	299
75.4	80	0	0	299	299
75.8	80	0	0	299	299
76.4	80	0	0	299	299
77.6	80	0	0	299	299
79.6	80	0	0	299	299
80	80	0	0	299	299
80	80	0	0	299	299
80.1	85	0	0	299	299
80.2	85	0	0	299	299
80.2	85	0	0	299	299
80.4	85	0	0	299	299
80.7	85	0	0	299	299
81.2	90	0	0	299	299
81.6	90	0	0	299	299
82.6	90	0	0	299	299
83.6	90	0	0	299	299
85.7	110	0	0	299	299
85.7	110	0	0	299	299
85.9	110	0	0	299	299
86.2	110	0	0	299	299
86.4	110	0	0	299	299
86.8	110	0	0	299	299
87.7	110	0	0	299	299
88.5	110	0	0	299	299
89.9	110	0	0	299	299
90.4	110	0	0	299	299
90.4	110	0	0	299	299
90.4	110	0	0	299	299
90.4	110	0	0	299	299
90.8	110	0	0	299	299
90.8	110	0	0	299	299
90.9	110	0	0	299	299
91	110	0	0	299	299
91	110	0	0	299	299
91.1	110	0	0	299	299
91.1	110	0	0	299	299
91.3	110	0	0	299	299
91.5	110	0	0	299	299
// 2000	300
89.5	170	163.12	45	299	299
82.5	145	130.44	45	299	299
77.4	145	115.52	45	299	299
72.4	145	104.64	45	299	299
61.6	110	86.78	32	299	299
59.1	105	79.08	32	299	299
56.8	95	70.12	32	299	299
51.6	95	60.18	32	299	299
45.2	85	51.46	16	299	299
38.1	85	44.86	16	299	299
41	105	42.96	0	299	299
42.2	105	40.96	0	299	299
42.3	105	39.02	0	299	299
42.8	105	35.14	0	299	299
41.7	105	32.36	0	299	299
37.6	75	27.32	0	299	299
34.5	75	23.92	0	299	299
35.3	75	20.1	0	299	299
35	75	16.74	0	299	299
31.1	75	11.84	0	299	299
30.1	75	8.32	0	299	299
30	75	6.4	0	299	299
23.8	65	0.96	0	299	299
24.1	65	0.32	0	299	299
26.9	75	0.64	0	299	299
28.5	75	0.64	0	299	299
29.5	75	0.64	0	299	299
31	75	0.64	0	299	299
32.3	75	0.32	0	299	299
32.9	75	0.32	0	299	299
34	75	0.32	0	299	299
33.8	75	0	0	299	299
35.4	90	0.32	0	299	299
36.2	90	0.32	0	299	299
36.9	90	0.32	0	299	299
37.6	90	0.32	0	299	299
40.1	90	0.64	0	299	299
41.2	90	0.64	0	299	299
41.7	90	0.64	0	299	299
42.1	90	0.64	0	299	299
42.7	90	0.64	0	299	299
43.6	90	0.64	0	299	299
44.9	90	0.64	0	299	299
45.8	90	0.64	0	299	299
46.4	90	0.64	0	299	299
46.9	90	0.64	0	299	299
47.5	90	0.64	0	299	299
49.6	90	0.96	0	299	299
51.1	90	0.96	0	299	299
49.1	75	0	0	299	299
49.6	75	0	0	299	299
50	75	0	0	299	299
50.6	75	0	0	299	299
51.3	75	0	0	299	299
52.4	75	0	0	299	299
52.6	75	0	0	299	299
53.1	75	0	0	299	299
53.7	75	0	0	299	299
54.4	75	0	0	299	299
55.1	75	0	0	299	299
56.5	80	0	0	299	299
57.3	80	0	0	299	299
58.2	80	0	0	299	299
58.4	80	0	0	299	299
58.8	80	0	0	299	299
59.5	80	0	0	299	299
61	80	0	0	299	299
62.1	80	0	0	299	299
62.8	80	0	0	299	299
63.4	80	0	0	299	299
64.3	80	0	0	299	299
64.8	80	0	0	299	299
65.6	80	0	0	299	299
66.9	85	0.16	0	299	299
67.6	80	0	0	299	299
68.4	80	0	0	299	299
68.8	80	0	0	299	299
70.2	80	0	0	299	299
71.2	80	0	0	299	299
72.9	80	0	0	299	299
74.1	80	0	0	299	299
74.4	80	0	0	299	299
75.6	85	0	0	299	299
76.5	85	0	0	299	299
77	85	0	0	299	299
77.1	85	0	0	299	299
77.5	85	0	0	299	299
78.2	85	0	0	299	299
78.9	85	0	0	299	299
79.7	90	0	0	299	299
80	90	0	0	299	299
80.5	90	0	0	299	299
80.9	90	0	0	299	299
81	90	0	0	299	299
81	90	0	0	299	299
81.3	90	0	0	299	299
81.3	90	0	0	299	299
81.6	90	0	0	299	299
81.7	90	0	0	299	299
82	90	0	0	299	299
82.2	90	0	0	299	299
// 2000	300
94.1	165	174.14	90	299	299
85.6	155	138	77	299	299
78.8	155	125.48	61	299	299
79.2	155	110.36	53	299	299
70.5	155	95.84	32	299	299
70.3	155	90.06	32	299	299
62.7	155	78.98	0	299	299
61.7	155	73.76	0	299	299
61.2	155	66.84	0	299	299
57.1	155	57.8	0	299	299
48.8	145	48.92	0	299	299
38.9	145	37.46	0	299	299
33.8	140	26.64	0	299	299
26	80	14.02	0	299	299
24.5	80	4.48	0	299	299
25.4	80	0.32	0	299	299
28.1	80	0.32	0	299	299
31	80	0.32	0	299	299
32.6	80	0.32	0	299	299
34	80	0.32	0	299	299
34.6	80	0.32	0	299	299
35.7	80	0.32	0	299	299
36.6	80	0.32	0	299	299
36.5	55	0	0	299	299
36.8	55	0	0	299	299
37.8	55	0	0	299	299
38.4	55	0	0	299	299
39.4	55	0	0	299	299
40.5	55	0	0	299	299
41.6	55	0	0	299	299
41.6	55	0	0	299	299
42.2	60	0	0	299	299
42.5	60	0	0	299	299
43	60	0	0	299	299
43.1	60	0	0	299	299
43.6	65	0	0	299	299
44.6	65	0	0	299	299
44.9	65	0	0	299	299
45.4	65	0	0	299	299
46	65	0	0	299	299
46.7	65	0	0	299	299
47.3	65	0	0	299	299
47.5	65	0	0	299	299
47.8	65	0	0	299	299
48.3	65	0	0	299	299
49.1	65	0	0	299	299
49.7	65	0	0	299	299
51.7	70	0.16	0	299	299
52.8	70	0.16	0	299	299
53.6	65	0	0	299	299
54.4	65	0	0	299	299
55.7	65	0	0	299	299
57	65	0	0	299	299
57.5	65	0	0	299	299
58	65	0	0	299	299
59	65	0	0	299	299
60	65	0	0	299	299
61.7	70	0	0	299	299
62.2	70	0	0	299	299
62.6	70	0	0	299	299
63.3	70	0	0	299	299
64.7	80	0	0	299	299
65.7	80	0	0	299	299
66.8	80	0	0	299	299
67.4	80	0	0	299	299
68.3	80	0	0	299	299
70.1	90	0.16	0	299	299
71.5	90	0.16	0	299	299
72.6	80	0	0	299	299
73.1	80	0	0	299	299
73.8	80	0	0	299	299
75.1	85	0	0	299	299
76.9	85	0	0	299	299
77.8	85	0	0	299	299
79.7	85	0	0	299	299
81.4	90	0	0	299	299
81.9	90	0	0	299	299
82.7	90	0	0	299	299
83.7	90	0	0	299	299
85.2	95	0	0	299	299
86.3	95	0	0	299	299
87.5	95	0	0	299	299
88.4	95	0	0	299	299
90.2	95	0	0	299	299
90.6	95	0	0	299	299
91	100	0	0	299	299
91.3	100	0	0	299	299
91.9	100	0	0	299	299
92.8	100	0	0	299	299
94.2	100	0	0	299	299
95.1	100	0	0	299	299
95.1	100	0	0	299	299
95.1	100	0	0	299	299
95.3	100	0	0	299	299
95.5	100	0	0	299	299
95.7	100	0	0	299	299
95.9	100	0	0	299	299
96.3	100	0	0	299	299
96.8	100	0	0	299	299
97.4	100	0	0	299	299
98.3	100	0	0	299	299
// 2000	300
95.4	170	175.26	90	299	299
79.4	170	130.38	61	299	299
71.8	125	109.52	45	299	299
64.4	120	95.38	16	299	299
58.9	120	85.24	16	299	299
52.3	120	74.38	16	299	299
48	120	62.44	0	299	299
40.5	105	50.1	0	299	299
34.9	90	42.28	0	299	299
30.5	60	36.32	0	299	299
30.9	60	30.14	0	299	299
33.4	85	22.98	0	299	299
30.4	85	14.4	0	299	299
29.6	65	8.8	0	299	299
32.2	75	5.28	0	299	299
31.6	90	1.28	0	299	299
33.6	90	1.12	0	299	299
36.2	90	1.28	0	299	299
36.2	90	0.96	0	299	299
36.7	90	0.96	0	299	299
37.9	90	0.96	0	299	299
38.6	90	0.96	0	299	299
39.8	90	0.96	0	299	299
40.1	90	0.96	0	299	299
41	90	1.12	0	299	299
42.4	90	1.44	0	299	299
43.6	90	1.76	0	299	299
46.8	100	2.4	0	299	299
49.4	100	2.4	0	299	299
48.8	100	1.44	0	299	299
51.5	100	1.92	0	299	299
53.5	100	1.92	0	299	299
55.1	100	2.08	0	299	299
55.6	100	2.08	0	299	299
57.4	100	2.08	0	299	299
59.7	100	2.56	0	299	299
61.5	100	2.56	0	299	299
62.3	100	2.72	0	299	299
62.4	100	2.08	0	299	299
61.3	105	1.12	0	299	299
63.5	105	1.12	0	299	299
67	105	1.6	0	299	299
69.9	105	1.44	0	299	299
70.2	105	1.12	0	299	299
69.5	95	0	0	299	299
71	95	0	0	299	299
73.9	95	0	0	299	299
75.5	95	0	0	299	299
77.4	95	0	0	299	299
78.4	95	0	0	299	299
79.1	95	0	0	299	299
80.3	100	0	0	299	299
81.2	100	0	0	299	299
82.1	100	0	0	299	299
84.4	100	0	0	299	299
85.4	100	0	0	299	299
87.1	100	0	0	299	299
88.7	105	0	0	299	299
89.9	105	0	0	299	299
91	105	0	0	299	299
93.8	105	0	0	299	299
94.9	105	0	0	299	299
96.1	105	0	0	299	299
96.8	105	0	0	299	299
97.6	105	0	0	299	299
98.5	105	0	0	299	299
99.7	110	0	0	299	299
101.2	110	0	0	299	299
101.6	110	0	0	299	299
101.7	110	0	0	299	299
101.9	110	0	0	299	299
102.1	110	0	0	299	299
102.3	110	0	0	299	299
102.8	110	0	0	299	299
103.2	110	0	0	299	299
103.4	110	0	0	299	299
104.1	110	0	0	299	299
105.1	110	0	0	299	299
105.6	110	0	0	299	299
105.7	110	0	0	299	299
105.9	110	0	0	299	299
106	110	0	0	299	299
106.1	110	0	0	299	299
106.2	110	0	0	299	299
106.4	110	0	0	299	299
106.8	110	0	0	299	299
106.8	110	0	0	299	299
107	110	0	0	299	299
107.5	110	0	0	299	299
108.1	110	0	0	299	299
108.9	110	0	0	299	299
109.8	115	0	0	299	299
110.2	115	0	0	299	299
110.2	115	0	0	299	299
110.3	115	0	0	299	299
110.3	115	0	0	299	299
110.5	115	0	0	299	299
110.7	115	0	0	299	299
110.7	115	0	0	299	299
110.7	115	0	0	299	299
110.8	115	0	0	299	299
// 2000	300
92.5	180	169.16	45	299	299
78.5	130	128.96	45	299	299
73.1	155	106.44	45	299	299
61.9	155	88.22	45	299	299
58.3	115	76.22	45	299	299
56.2	115	69.08	45	299	299
48	115	56.42	45	299	299
36.8	115	47.74	45	299	299
33.8	95	45.34	45	299	299
37.4	95	45.34	45	299	299
40.1	95	44.76	16	299	299
42.8	95	44.7	16	299	299
44	95	44.38	16	299	299
44.8	95	44.12	16	299	299
46.8	95	43.86	16	299	299
48.3	95	42.7	16	299	299
48.5	95	41.86	16	299	299
47.9	95	40.08	16	299	299
48.1	95	39.92	16	299	299
47.5	95	37.46	16	299	299
45.3	95	35	0	299	299
39.6	95	30.16	0	299	299
33.7	95	24.76	0	299	299
33.1	95	21.56	0	299	299
26.3	95	15.4	0	299	299
24.2	60	12.64	0	299	299
24.8	60	10.08	0	299	299
23.6	60	6.4	0	299	299
21.3	60	1.6	0	299	299
22.2	30	0	0	299	299
23.2	30	0	0	299	299
24.6	30	0	0	299	299
25.1	30	0	0	299	299
25.1	30	0	0	299	299
25.1	30	0	0	299	299
25.2	30	0	0	299	299
25.2	30	0	0	299	299
25.4	30	0	0	299	299
25.7	30	0	0	299	299
25.8	30	0	0	299	299
26.1	30	0	0	299	299
26.5	30	0	0	299	299
27.2	30	0	0	299	299
27.8	30	0	0	299	299
28.6	30	0	0	299	299
29.9	35	0	0	299	299
30.2	35	0	0	299	299
30.2	35	0	0	299	299
30.3	35	0	0	299	299
30.4	35	0	0	299	299
30.4	35	0	0	299	299
30.7	35	0	0	299	299
30.7	35	0	0	299	299
30.9	35	0	0	299	299
31.4	35	0	0	299	299
31.6	35	0	0	299	299
32	40	0	0	299	299
32.5	40	0	0	299	299
33	40	0	0	299	299
34.4	80	0.32	0	299	299
35.6	80	0.32	0	299	299
35.3	40	0	0	299	299
35.5	40	0	0	299	299
35.7	40	0	0	299	299
36	40	0	0	299	299
36.1	40	0	0	299	299
36.3	40	0	0	299	299
36.5	40	0	0	299	299
37.2	70	0	0	299	299
37.4	70	0	0	299	299
37.7	70	0	0	299	299
38	70	0	0	299	299
38.6	70	0	0	299	299
39.4	70	0	0	299	299
40.1	70	0	0	299	299
40.6	70	0	0	299	299
40.6	70	0	0	299	299
40.7	70	0	0	299	299
41.1	70	0	0	299	299
41.6	70	0	0	299	299
41.6	70	0	0	299	299
42.2	70	0	0	299	299
42.3	70	0	0	299	299
42.6	70	0	0	299	299
43.7	70	0	0	299	299
44.3	70	0	0	299	299
44.5	70	0	0	299	299
45.2	70	0	0	299	299
45.5	70	0	0	299	299
46.6	70	0	0	299	299
46.9	70	0	0	299	299
48.1	70	0	0	299	299
48.6	70	0	0	299	299
50	70	0	0	299	299
50.7	70	0	0	299	299
52	70	0	0	299	299
52.5	70	0	0	299	299
55	85	0	0	299	299
57.4	85	0	0	299	299
60.7	85	0	0	299	299
62	85	0	0	299	299
// 2000	300
102	165	182	61	299	299
90	155	140.04	61	299	299
77.9	145	117.94	45	299	299
73.7	145	103.44	45	299	299
59.3	125	86.8	45	299	299
51.5	95	75.56	45	299	299
51.2	100	71.24	45	299	299
48.7	95	62.96	45	299	299
45.6	115	58.06	45	299	299
37.6	80	50.2	32	299	299
35.4	80	46.36	16	299	299
35	80	43.4	16	299	299
37.9	80	42.24	16	299	299
38.9	80	40.5	0	299	299
37.5	80	36.5	0	299	299
36	80	33.18	0	299	299
32.1	80	29.04	0	299	299
31.8	80	25.5	0	299	299
32.8	80	22.04	0	299	299
32.5	80	17.2	0	299	299
28.7	80	11.94	0	299	299
27.6	65	7.04	0	299	299
29.3	65	3.84	0	299	299
28	65	0.32	0	299	299
32.5	65	0.32	0	299	299
36	60	0	0	299	299
39.7	60	0	0	299	299
42.5	60	0	0	299	299
45.1	70	0	0	299	299
47.9	70	0	0	299	299
49.6	70	0	0	299	299
51.2	70	0	0	299	299
53.9	70	0	0	299	299
56.5	70	0	0	299	299
59.4	70	0	0	299	299
61.9	70	0	0	299	299
65.3	75	0	0	299	299
67.4	80	0	0	299	299
68.5	80	0	0	299	299
69.5	80	0	0	299	299
70.8	80	0	0	299	299
71	80	0	0	299	299
71.4	80	0	0	299	299
72.8	85	0	0	299	299
74.8	85	0	0	299	299
77.2	85	0	0	299	299
78.3	85	0	0	299	299
79.2	90	0	0	299	299
80.2	90	0	0	299	299
81.5	90	0	0	299	299
82.1	90	0	0	299	299
82.8	90	0	0	299	299
83.1	90	0	0	299	299
83.9	90	0	0	299	299
84.3	90	0	0	299	299
86	90	0	0	299	299
86.3	90	0	0	299	299
86.9	90	0	0	299	299
87.8	90	0	0	299	299
89.2	95	0	0	299	299
90.3	95	0	0	299	299
90.3	95	0	0	299	299
90.4	95	0	0	299	299
90.5	95	0	0	299	299
91.3	95	0	0	299	299
91.5	95	0	0	299	299
92.2	95	0	0	299	299
92.7	100	0	0	299	299
93.6	100	0	0	299	299
94.9	100	0	0	299	299
95.5	100	0	0	299	299
95.5	100	0	0	299	299
95.6	100	0	0	299	299
95.6	100	0	0	299	299
95.7	100	0	0	299	299
95.8	100	0	0	299	299
95.8	100	0	0	299	299
95.8	100	0	0	299	299
96	100	0	0	299	299
96.5	100	0	0	299	299
96.9	100	0	0	299	299
97.3	100	0	0	299	299
97.7	100	0	0	299	299
98.3	100	0	0	299	299
99	100	0	0	299	299
99.5	100	0	0	299	299
100.1	105	0	0	299	299
100.2	105	0	0	299	299
100.4	105	0	0	299	299
100.4	105	0	0	299	299
100.7	105	0	0	299	299
101.1	105	0	0	299	299
101.4	105	0	0	299	299
101.8	105	0	0	299	299
102.2	105	0	0	299	299
102.7	105	0	0	299	299
103.6	105	0	0	299	299
104.9	105	0	0	299	299
105	105	0	0	299	299
105	105	0	0	299	299
105	105	0	0	299	299
// 2000	300
98.3	175	175.02	45	299	299
90.8	155	144.88	45	299	299
77.5	140	116.18	45	299	299
69.6	140	100.66	45	299	299
55.3	140	84.36	45	299	299
48.6	130	73.72	40	299	299
45.7	130	64.96	40	299	299
37.2	95	50.62	32	299	299
32.4	95	44.6	16	299	299
33.3	95	43.34	16	299	299
34.9	95	42.56	16	299	299
35.8	95	41.4	16	299	299
36.5	95	37.4	0	299	299
36.3	95	35.14	0	299	299
34.7	95	30.5	0	299	299
29	95	23.22	0	299	299
26.5	95	15.72	0	299	299
22.2	70	10.4	0	299	299
24.5	70	6.24	0	299	299
22.6	40	1.44	0	299	299
24.1	40	0	0	299	299
26.3	40	0	0	299	299
28.7	40	0	0	299	299
30.2	40	0	0	299	299
31.7	40	0	0	299	299
32.3	40	0	0	299	299
33	50	0	0	299	299
34	50	0	0	299	299
35.2	50	0	0	299	299
35.9	50	0	0	299	299
36.9	50	0	0	299	299
37.7	50	0	0	299	299
38.4	50	0	0	299	299
38.9	55	0	0	299	299
38.9	55	0	0	299	299
39.5	55	0	0	299	299
40.1	55	0	0	299	299
40.6	55	0	0	299	299
42.5	55	0	0	299	299
44.1	55	0	0	299	299
45.3	70	0	0	299	299
46.3	70	0	0	299	299
47.6	70	0	0	299	299
49.5	70	0	0	299	299
50.4	70	0	0	299	299
51.2	70	0	0	299	299
53	70	0	0	299	299
54.6	70	0	0	299	299
55.3	70	0	0	299	299
56.1	70	0	0	299	299
57	70	0	0	299	299
57.4	70	0	0	299	299
57.4	70	0	0	299	299
58.3	70	0	0	299	299
58.8	70	0	0	299	299
59.1	70	0	0	299	299
59.4	70	0	0	299	299
60.3	70	0	0	299	299
61.1	70	0	0	299	299
62.9	80	0	0	299	299
65.5	80	0	0	299	299
67.9	80	0	0	299	299
71.2	80	0	0	299	299
72	80	0	0	299	299
73.6	80	0	0	299	299
76	80	0	0	299	299
77	80	0	0	299	299
78.2	85	0	0	299	299
80.1	85	0	0	299	299
80.2	85	0	0	299	299
80.8	85	0	0	299	299
81.3	85	0	0	299	299
81.7	85	0	0	299	299
82.1	85	0	0	299	299
83	85	0	0	299	299
83.9	85	0	0	299	299
85.2	90	0	0	299	299
85.5	90	0	0	299	299
85.7	90	0	0	299	299
85.9	90	0	0	299	299
86.3	90	0	0	299	299
86.7	90	0	0	299	299
87.8	95	0	0	299	299
88.9	95	0	0	299	299
90.1	95	0	0	299	299
90.2	95	0	0	299	299
90.2	95	0	0	299	299
90.4	95	0	0	299	299
90.6	95	0	0	299	299
90.8	95	0	0	299	299
91.2	95	0	0	299	299
91.7	95	0	0	299	299
92	95	0	0	299	299
92.4	95	0	0	299	299
93.3	95	0	0	299	299
95	95	0	0	299	299
95	95	0	0	299	299
95.1	100	0	0	299	299
95.1	100	0	0	299	299
95.1	100	0	0	299	299
95.1	100	0	0	299	299// 2111	300
95.7	195	181.84	85	299	299
82.1	135	139.48	85	299	299
70.7	175	116.84	45	299	299
66.2	175	103.84	45	299	299
56.6	175	88.42	8	299	299
59	175	81.22	8	299	299
66.1	125	79.22	8	299	299
67.9	130	73.74	8	299	299
63.2	130	66.86	8	299	299
58.3	130	59.28	8	299	299
53.5	130	52.68	8	299	299
48.2	130	46.46	0	299	299
54.9	170	46.14	0	299	299
56.3	170	41.38	0	299	299
57.3	130	37.16	0	299	299
62.1	130	35.7	0	299	299
61.1	130	32.3	0	299	299
62.1	130	27.24	0	299	299
76.7	210	26.04	0	299	299
72.6	210	20.04	0	299	299
72.2	210	17	0	299	299
66.1	210	11.94	0	299	299
46.4	210	3.68	0	299	299
47.1	210	3.36	0	299	299
53	210	4.8	0	299	299
52.9	210	4.32	0	299	299
54.8	210	4.32	0	299	299
56.6	210	4.32	0	299	299
58.1	210	4.32	0	299	299
65.3	210	5.76	0	299	299
78.5	210	9.12	0	299	299
83.1	210	9.12	0	299	299
84	210	8.96	0	299	299
89.1	210	9.6	0	299	299
104.2	210	12.64	0	299	299
112.4	210	14.56	0	299	299
118.3	210	16	0	299	299
129.8	210	18.88	0	299	299
131.3	210	18.82	0	299	299
139	210	20.16	0	299	299
134.8	210	17.86	0	299	299
121.7	205	12.1	0	299	299
122.2	200	12	0	299	299
125.1	200	11.04	0	299	299
127	200	9.92	0	299	299
126.2	195	8.64	0	299	299
129.8	195	8.64	0	299	299
128.6	195	6.08	0	299	299
129.9	195	6.4	0	299	299
136.2	195	7.68	0	299	299
136.6	195	6.4	0	299	299
138.2	200	6.24	0	299	299
135.2	200	3.68	0	299	299
136.5	160	2.4	0	299	299
137	180	1.76	0	299	299
138.1	180	0.64	0	299	299
140.6	180	0.16	0	299	299
143.2	180	0.32	0	299	299
144.2	180	0	0	299	299
146.4	180	0	0	299	299
146.4	180	0	0	299	299
148.4	180	0	0	299	299
151.1	180	0	0	299	299
151.8	180	0	0	299	299
154.4	180	0.16	0	299	299
155.8	180	0	0	299	299
156.1	180	0	0	299	299
156.5	180	0	0	299	299
157.8	180	0	0	299	299
159.4	180	0.16	0	299	299
160.9	180	0.16	0	299	299
162.4	180	0.16	0	299	299
162.4	180	0.16	0	299	299
165	180	0	0	299	299
167.6	180	0	0	299	299
169.4	180	0	0	299	299
170.4	180	0	0	299	299
171.3	180	0	0	299	299
171.5	180	0	0	299	299
172.6	180	0	0	299	299
173.3	185	0	0	299	299
174	185	0	0	299	299
175.1	185	0	0	299	299
176	185	0	0	299	299
176.9	195	0.16	0	299	299
177.6	200	0	0	299	299
177.9	200	0	0	299	299
178.9	200	0	0	299	299
179.4	200	0	0	299	299
179.6	200	0	0	299	299
179.8	200	0	0	299	299
180.3	200	0	0	299	299
180.8	200	0	0	299	299
181.5	200	0	0	299	299
181.9	200	0	0	299	299
182.8	200	0	0	299	299
183.7	200	0	0	299	299
183.8	200	0	0	299	299
184	200	0	0	299	299
185.3	220	0	0	299	299
185.4	220	0	0	299	299
// 2111	300
97.9	185	186.42	90	299	299
82.3	135	141.36	45	299	299
73.7	135	118.62	45	299	299
70.5	135	104.56	45	299	299
62.2	135	85.54	45	299	299
56.8	135	71.16	32	299	299
59.5	135	69.78	32	299	299
56.3	130	62.96	32	299	299
52.3	130	55.2	16	299	299
43.3	90	47.06	16	299	299
42.4	85	44.18	16	299	299
43.9	85	43.66	16	299	299
43.9	85	43.66	16	299	299
46.5	85	43.3	16	299	299
49.2	85	42.66	16	299	299
48.9	85	41.34	16	299	299
49.4	85	38.82	0	299	299
48.5	85	35.84	0	299	299
48.5	85	35.84	0	299	299
48.4	85	34.54	0	299	299
47.8	85	32.82	0	299	299
45.4	85	28.9	0	299	299
43	85	26.26	0	299	299
43.3	85	23.76	0	299	299
43	85	23.18	0	299	299
44.1	85	21.42	0	299	299
42.3	85	17.06	0	299	299
37.7	65	10.4	0	299	299
38.7	65	7.68	0	299	299
35.8	110	2.88	0	299	299
37	110	3.2	0	299	299
36.2	110	0.48	0	299	299
39.5	110	0.64	0	299	299
43.9	120	0.96	0	299	299
47.4	120	1.28	0	299	299
52.5	120	1.92	0	299	299
53.9	120	2.24	0	299	299
59.1	120	2.88	0	299	299
62	120	2.88	0	299	299
65.2	120	3.2	0	299	299
68.7	120	3.2	0	299	299
70.9	120	3.2	0	299	299
72.3	120	3.52	0	299	299
78.7	120	4.48	0	299	299
81.7	135	4.8	0	299	299
87	140	6.08	0	299	299
89.7	140	6.4	0	299	299
95.3	140	7.36	0	299	299
96.9	140	7.68	0	299	299
97	140	7.04	0	299	299
97.1	140	6.4	0	299	299
98	140	5.92	0	299	299
101.7	140	6.24	0	299	299
107.6	140	7.52	0	299	299
107.6	140	7.52	0	299	299
104.2	140	5.28	0	299	299
106.3	140	4.96	0	299	299
112.1	150	5.76	0	299	299
119	150	7.2	0	299	299
122.4	150	6.72	0	299	299
122.4	150	6.72	0	299	299
126.6	150	7.36	0	299	299
125.8	150	5.92	0	299	299
121.2	150	2.4	0	299	299
118.8	140	0.32	0	299	299
121.2	140	0.16	0	299	299
121.2	140	0.16	0	299	299
122.7	140	0.16	0	299	299
124.1	140	0.16	0	299	299
125.8	135	0	0	299	299
127.1	135	0	0	299	299
127.7	135	0	0	299	299
127.7	135	0	0	299	299
128.4	135	0	0	299	299
129.1	135	0	0	299	299
129.6	135	0	0	299	299
130.9	135	0	0	299	299
131.9	140	0	0	299	299
131.9	140	0	0	299	299
132.6	140	0	0	299	299
132.7	140	0	0	299	299
133.4	140	0	0	299	299
134	140	0	0	299	299
134.4	140	0	0	299	299
134.4	140	0	0	299	299
135.5	140	0	0	299	299
136.2	140	0	0	299	299
136.7	140	0	0	299	299
137.1	140	0	0	299	299
137.3	140	0	0	299	299
137.3	140	0	0	299	299
137.7	140	0	0	299	299
138.8	150	0	0	299	299
139.9	150	0	0	299	299
140.2	150	0	0	299	299
140.2	150	0	0	299	299
140.2	150	0	0	299	299
140.2	150	0	0	299	299
140.3	150	0	0	299	299
140.3	150	0	0	299	299
140.3	150	0	0	299	299
// 2111	300
93.1	185	165.74	77	299	299
75.9	165	123.74	77	299	299
72.2	165	110.44	45	299	299
65.2	165	90.8	16	299	299
58.1	165	79.94	16	299	299
54.7	165	73.38	16	299	299
62.6	165	74.42	16	299	299
55.1	165	66.52	16	299	299
38.8	140	53.28	16	299	299
27.4	110	44.98	16	299	299
29.4	110	43.4	16	299	299
30.4	90	41.76	8	299	299
32.5	125	41.76	8	299	299
35.1	125	37.86	0	299	299
37.2	125	32.54	0	299	299
35.4	125	27.84	0	299	299
28.8	125	18.86	0	299	299
30.2	165	9	0	299	299
31.3	165	9.16	0	299	299
21.2	45	0.8	0	299	299
23.6	60	0.16	0	299	299
27.2	80	0.48	0	299	299
30.5	80	0.48	0	299	299
32.9	80	0.48	0	299	299
32.9	80	0.48	0	299	299
35.3	80	0.48	0	299	299
36.4	80	0.48	0	299	299
37.4	60	0.16	0	299	299
39	65	0.32	0	299	299
39.6	65	0.32	0	299	299
46.5	130	1.6	0	299	299
44.8	105	0.48	0	299	299
44.2	105	0.16	0	299	299
44.7	105	0.16	0	299	299
45.5	105	0.16	0	299	299
46.3	105	0.16	0	299	299
54.1	125	0.96	0	299	299
55.7	125	0.96	0	299	299
56.9	125	0.8	0	299	299
57.5	125	0.8	0	299	299
59.1	125	0.96	0	299	299
61.3	125	0.96	0	299	299
67.4	125	1.28	0	299	299
68.5	125	1.28	0	299	299
72.1	125	1.6	0	299	299
74.2	120	1.12	0	299	299
78	120	0.96	0	299	299
80.8	120	0.32	0	299	299
90.5	120	0.48	0	299	299
94.6	150	0.16	0	299	299
95.6	150	0.16	0	299	299
99.2	155	0.16	0	299	299
99.3	155	0.16	0	299	299
100.1	155	0.16	0	299	299
108.4	155	0.32	0	299	299
112	155	0.32	0	299	299
113	155	0.32	0	299	299
113.9	155	0	0	299	299
115.9	155	0.32	0	299	299
117.8	155	0.32	0	299	299
120.4	155	0	0	299	299
122.2	155	0	0	299	299
125.3	155	0	0	299	299
128.5	160	0	0	299	299
131.2	160	0	0	299	299
133.8	160	0	0	299	299
138.8	180	0.32	0	299	299
143.6	180	0.32	0	299	299
147.4	185	0.48	0	299	299
149.7	185	0.48	0	299	299
152.6	185	0.32	0	299	299
156	185	0.16	0	299	299
161.6	185	0.32	0	299	299
161.4	185	0	0	299	299
164.1	185	0	0	299	299
165.9	185	0	0	299	299
167.5	185	0.16	0	299	299
168.8	185	0.16	0	299	299
172	190	0	0	299	299
174.1	200	0	0	299	299
177.6	200	0	0	299	299
181.4	200	0	0	299	299
184.1	220	0	0	299	299
187.1	220	0	0	299	299
192.1	225	0	0	299	299
194.9	225	0	0	299	299
195.7	225	0	0	299	299
198.9	225	0	0	299	299
200.5	225	0	0	299	299
203.2	225	0	0	299	299
205.5	225	0	0	299	299
207	225	0	0	299	299
208.5	225	0.16	0	299	299
209.6	225	0.16	0	299	299
211.1	225	0	0	299	299
211.9	225	0	0	299	299
215.7	245	0	0	299	299
218.2	245	0	0	299	299
222.1	245	0	0	299	299
223.5	245	0	0	299	299
226.6	245	0	0	299	299
// 2111	300
87.2	195	186.1	45	299	299
76.5	155	138.34	45	299	299
68	140	118.1	45	299	299
64.1	140	102.08	45	299	299
54.7	140	83.92	45	299	299
48.1	140	71.36	32	299	299
62.5	185	67.52	32	299	299
54.5	185	56.92	32	299	299
42.6	160	47.06	32	299	299
42.7	160	45.46	32	299	299
44.3	160	45.1	32	299	299
45.2	160	44.9	32	299	299
51.4	160	45.76	32	299	299
53.4	160	45.34	16	299	299
53.6	160	43.18	8	299	299
53.6	160	42.14	8	299	299
52.7	160	41.18	8	299	299
51.1	160	38.6	0	299	299
59.5	160	38.66	0	299	299
58.7	160	35.9	0	299	299
56.1	160	32.68	0	299	299
58.2	160	30.38	0	299	299
52.5	160	23.9	0	299	299
45.3	160	16.8	0	299	299
46.7	160	17.22	0	299	299
36.9	160	9.9	0	299	299
38.4	160	6.38	0	299	299
36.9	160	3.02	0	299	299
36.1	160	1.96	0	299	299
36.2	160	1.06	0	299	299
36.2	160	1.06	0	299	299
34.9	55	0.16	0	299	299
36.6	55	0.16	0	299	299
38.8	60	0	0	299	299
40.9	60	0	0	299	299
44.1	65	0	0	299	299
44.7	65	0	0	299	299
47.2	65	0	0	299	299
50.5	65	0	0	299	299
53.9	65	0	0	299	299
56.6	65	0	0	299	299
57.9	65	0	0	299	299
58.2	65	0	0	299	299
60.7	65	0	0	299	299
63	65	0	0	299	299
64.7	70	0	0	299	299
65.4	70	0	0	299	299
66	70	0	0	299	299
66.2	75	0	0	299	299
67.1	75	0	0	299	299
68.2	75	0	0	299	299
70	75	0	0	299	299
71.4	75	0	0	299	299
72.3	85	0	0	299	299
72.6	85	0	0	299	299
74.7	90	0	0	299	299
76.7	90	0	0	299	299
77.2	90	0	0	299	299
77.9	90	0	0	299	299
78.8	90	0	0	299	299
78.8	90	0	0	299	299
79.8	90	0	0	299	299
82.2	90	0	0	299	299
82.8	90	0	0	299	299
84.3	90	0	0	299	299
85.4	90	0	0	299	299
86.4	100	0	0	299	299
87.2	105	0	0	299	299
88.1	105	0	0	299	299
89.4	105	0	0	299	299
91	105	0	0	299	299
93.2	105	0	0	299	299
94.4	105	0	0	299	299
97	110	0	0	299	299
99.1	110	0	0	299	299
102.8	110	0	0	299	299
105.1	130	0.16	0	299	299
107	130	0.16	0	299	299
107	130	0.16	0	299	299
107.9	130	0.16	0	299	299
108.4	130	0.16	0	299	299
110.3	130	0.32	0	299	299
110.5	115	0	0	299	299
111.1	125	0	0	299	299
111.2	125	0	0	299	299
111.8	125	0	0	299	299
112.2	125	0	0	299	299
113.8	145	0	0	299	299
115.3	145	0	0	299	299
116.5	145	0	0	299	299
116.5	145	0	0	299	299
116.9	145	0	0	299	299
117.6	145	0	0	299	299
119.4	150	0	0	299	299
122.2	150	0	0	299	299
123.6	150	0	0	299	299
123.6	150	0	0	299	299
124.8	150	0	0	299	299
126.1	150	0	0	299	299
126.9	150	0	0	299	299
128.2	150	0	0	299	299
// 2111	300
102	185	199.38	122	299	299
85	185	150.34	90	299	299
75.5	185	123.76	61	299	299
69.4	185	106.78	45	299	299
67.8	185	100.82	45	299	299
59.5	185	89.6	45	299	299
64.3	185	88.12	45	299	299
62.3	185	83.68	45	299	299
60.2	185	79.34	45	299	299
59.5	185	72.52	45	299	299
56.8	180	69.22	45	299	299
53.8	180	66.36	45	299	299
61.2	180	66.18	45	299	299
60.1	180	61.88	32	299	299
55.9	180	57.62	32	299	299
52.7	180	54.86	32	299	299
48.3	180	52.42	32	299	299
45.6	180	49.24	32	299	299
50.3	180	49.08	32	299	299
50.8	180	47.86	32	299	299
50	180	45.16	0	299	299
53.1	180	43.62	0	299	299
54.3	180	40.1	0	299	299
52.1	180	36.94	0	299	299
57.5	180	37.64	0	299	299
46.4	105	29.3	0	299	299
42.8	105	22.6	0	299	299
33.5	105	12.4	0	299	299
19.1	90	1.28	0	299	299
17.3	35	0	0	299	299
17.3	35	0	0	299	299
19	35	0	0	299	299
20.6	35	0	0	299	299
22.5	40	0	0	299	299
24.3	40	0	0	299	299
25.7	40	0	0	299	299
25.7	40	0	0	299	299
27.4	40	0	0	299	299
28.6	45	0	0	299	299
29.6	45	0	0	299	299
30.3	45	0	0	299	299
32.5	45	0	0	299	299
34.5	125	0.64	0	299	299
36.3	125	0.64	0	299	299
37.4	60	0	0	299	299
37.9	60	0	0	299	299
38.8	60	0	0	299	299
40.1	60	0	0	299	299
40.1	60	0	0	299	299
42	60	0	0	299	299
42.6	60	0	0	299	299
43.5	60	0	0	299	299
44.2	60	0	0	299	299
45.2	60	0	0	299	299
45.2	60	0	0	299	299
46	60	0	0	299	299
46.3	60	0	0	299	299
46.5	60	0	0	299	299
47	60	0	0	299	299
47.8	60	0	0	299	299
47.8	60	0	0	299	299
48.2	60	0	0	299	299
48.6	60	0	0	299	299
49	60	0	0	299	299
49.9	60	0	0	299	299
50.2	60	0	0	299	299
50.2	60	0	0	299	299
50.8	60	0	0	299	299
50.8	60	0	0	299	299
50.8	60	0	0	299	299
51	60	0	0	299	299
51.4	60	0	0	299	299
51.4	60	0	0	299	299
51.8	60	0	0	299	299
52.1	60	0	0	299	299
52.3	60	0	0	299	299
52.5	60	0	0	299	299
53.1	60	0	0	299	299
53.1	60	0	0	299	299
53.4	60	0	0	299	299
54.2	60	0	0	299	299
54.4	60	0	0	299	299
56	95	0	0	299	299
56.4	95	0	0	299	299
56.4	95	0	0	299	299
56.5	95	0	0	299	299
57.1	95	0	0	299	299
57.2	95	0	0	299	299
57.5	95	0	0	299	299
58.8	105	0	0	299	299
58.8	105	0	0	299	299
58.9	105	0	0	299	299
59.1	105	0	0	299	299
60.9	105	0.32	0	299	299
61.2	105	0.32	0	299	299
62.1	105	0.32	0	299	299
62.1	105	0.32	0	299	299
63.5	105	0.32	0	299	299
64.3	105	0.32	0	299	299
66.2	105	0.32	0	299	299
65.3	105	0	0	299	299
// 2111	300
93	195	182.22	45	299	299
85.4	145	143.98	45	299	299
74.7	195	117.92	16	299	299
80.8	195	113.54	16	299	299
76.9	195	101.02	16	299	299
70.3	135	91.3	16	299	299
80.7	210	90.78	16	299	299
72.4	210	78.12	16	299	299
66.3	165	66.54	16	299	299
56.6	140	56.1	16	299	299
45.6	140	47.26	16	299	299
44.2	150	45.14	16	299	299
52.9	165	46	16	299	299
55.1	165	45.16	16	299	299
57.7	165	44.42	16	299	299
59.2	165	43.84	16	299	299
61.7	165	43.58	16	299	299
62.5	165	43	16	299	299
71	170	43.58	16	299	299
73.5	170	43.64	16	299	299
74.3	170	43.32	16	299	299
73.6	170	42.58	16	299	299
73.4	170	41.16	0	299	299
72.7	170	39.44	0	299	299
80.5	185	40.02	0	299	299
79.6	185	38.46	0	299	299
79.1	185	36.52	0	299	299
78.6	185	34.04	0	299	299
77.9	185	31.82	0	299	299
77.7	185	30.22	0	299	299
85.5	185	31.8	0	299	299
83.5	185	29.46	0	299	299
81.8	185	26.8	0	299	299
79.1	185	24.46	0	299	299
77.1	185	22.38	0	299	299
64.2	185	16.02	0	299	299
67.7	190	16.92	0	299	299
61.4	190	11.86	0	299	299
59	190	9.04	0	299	299
51.5	190	3.78	0	299	299
46.3	80	0.64	0	299	299
49.1	75	0	0	299	299
49.1	75	0	0	299	299
51.7	75	0	0	299	299
53.1	75	0	0	299	299
54.8	75	0	0	299	299
56.2	90	0	0	299	299
57.5	90	0	0	299	299
57.5	90	0	0	299	299
58.4	90	0	0	299	299
58.6	90	0	0	299	299
59.5	90	0.16	0	299	299
59.9	90	0.16	0	299	299
61	90	0.16	0	299	299
61	90	0.16	0	299	299
62	90	0.32	0	299	299
63.1	90	0.32	0	299	299
63.4	90	0	0	299	299
64.2	90	0	0	299	299
64.8	90	0	0	299	299
64.8	90	0	0	299	299
65.9	90	0	0	299	299
67.3	90	0	0	299	299
70.3	90	0.16	0	299	299
73.5	90	0.16	0	299	299
75.8	90	0.16	0	299	299
76.6	105	0.16	0	299	299
80.1	105	0	0	299	299
82.8	105	0.16	0	299	299
85.3	110	0.16	0	299	299
89.6	110	0.16	0	299	299
92.2	115	0	0	299	299
92.8	115	0	0	299	299
95.3	115	0	0	299	299
98.2	115	0	0	299	299
100.1	115	0	0	299	299
103	115	0	0	299	299
105.1	115	0	0	299	299
105.4	115	0	0	299	299
107.8	115	0	0	299	299
108.9	115	0	0	299	299
110.9	115	0	0	299	299
112	120	0	0	299	299
113.1	120	0	0	299	299
113.2	120	0	0	299	299
114.7	120	0	0	299	299
115.5	120	0	0	299	299
115.6	120	0	0	299	299
116.1	120	0	0	299	299
116.5	120	0	0	299	299
116.5	120	0	0	299	299
117	120	0	0	299	299
118.1	120	0	0	299	299
118.9	120	0	0	299	299
119.9	120	0	0	299	299
120	120	0	0	299	299
120	120	0	0	299	299
120	120	0	0	299	299
120.1	125	0	0	299	299
120.2	125	0	0	299	299
120.4	125	0	0	299	299
// 2111	300
96	195	184.4	77	299	299
86.5	155	144.6	45	299	299
78.4	160	120.96	45	299	299
72.3	145	107.66	45	299	299
65	145	91.86	45	299	299
59.3	135	81.72	45	299	299
70.1	175	79.68	45	299	299
69	175	77.4	45	299	299
68.1	175	70.96	45	299	299
66.5	175	65.52	32	299	299
60	120	58.32	32	299	299
61.1	120	55.18	32	299	299
67	165	54.06	32	299	299
58.7	165	48.1	16	299	299
56.7	165	45.02	0	299	299
56	165	41.84	0	299	299
52.3	110	37.46	0	299	299
53	110	34.3	0	299	299
58	130	33.88	0	299	299
55.1	130	29.8	0	299	299
50.4	130	25.62	0	299	299
44.9	110	21.16	0	299	299
40.3	110	16.7	0	299	299
40.1	110	14.26	0	299	299
46	115	13.56	0	299	299
38.4	100	7.04	0	299	299
39.8	100	3.68	0	299	299
40.8	105	0.32	0	299	299
46.4	105	0.32	0	299	299
51.4	110	0.16	0	299	299
64.9	140	0.16	0	299	299
74.3	140	0.8	0	299	299
87.4	140	1.44	0	299	299
96	160	0.96	0	299	299
103.6	165	1.28	0	299	299
109.7	165	0.16	0	299	299
126.5	165	0.16	0	299	299
136.6	165	0.32	0	299	299
143.1	170	0.32	0	299	299
147.5	170	0.32	0	299	299
151	170	0	0	299	299
156.1	180	0	0	299	299
161.4	180	0	0	299	299
164.9	185	0	0	299	299
166.7	185	0	0	299	299
168.7	185	0	0	299	299
169.2	185	0	0	299	299
170.3	185	0	0	299	299
173.7	185	0	0	299	299
175.5	185	0	0	299	299
177.9	185	0	0	299	299
178.7	190	0	0	299	299
179.6	190	0	0	299	299
181.3	190	0	0	299	299
182.2	190	0	0	299	299
182.8	195	0	0	299	299
183.6	195	0	0	299	299
184.1	195	0	0	299	299
186.1	195	0	0	299	299
186.9	195	0	0	299	299
188.3	195	0	0	299	299
189	195	0	0	299	299
190.1	195	0	0	299	299
190.9	195	0	0	299	299
191.5	195	0	0	299	299
191.8	195	0	0	299	299
192.3	195	0	0	299	299
192.9	200	0	0	299	299
193.3	200	0	0	299	299
193.5	200	0	0	299	299
194	200	0	0	299	299
194.6	200	0	0	299	299
194.9	200	0	0	299	299
195.2	200	0	0	299	299
195.2	200	0	0	299	299
195.2	200	0	0	299	299
195.2	200	0	0	299	299
195.2	200	0	0	299	299
195.2	200	0	0	299	299
195.2	200	0	0	299	299
195.3	200	0	0	299	299
195.4	200	0	0	299	299
195.4	200	0	0	299	299
195.4	200	0	0	299	299
195.5	200	0	0	299	299
195.5	200	0	0	299	299
195.6	200	0	0	299	299
195.6	200	0	0	299	299
195.6	200	0	0	299	299
195.6	200	0	0	299	299
195.8	200	0	0	299	299
195.8	200	0	0	299	299
195.9	200	0	0	299	299
196.1	200	0	0	299	299
196.1	200	0	0	299	299
196.3	200	0	0	299	299
196.4	200	0	0	299	299
196.4	200	0	0	299	299
196.7	200	0	0	299	299
196.9	200	0	0	299	299
196.9	200	0	0	299	299
// 2111	300
101.3	190	188.74	45	299	299
86.6	140	147.18	45	299	299
81.7	140	125.96	45	299	299
84.4	160	112.92	45	299	299
76.3	170	101.42	45	299	299
66.9	170	90.28	45	299	299
63.4	170	84.28	45	299	299
64.8	165	80.28	45	299	299
62.5	165	73.94	45	299	299
61.3	160	67	45	299	299
55.6	160	61.26	45	299	299
49.4	160	53.4	16	299	299
54.6	160	52.18	16	299	299
52.5	160	45.96	16	299	299
54.7	160	43.12	16	299	299
57.9	180	41.66	16	299	299
61	180	41.04	16	299	299
65.7	185	40.68	16	299	299
77.7	215	42.98	16	299	299
74.7	215	41.14	16	299	299
77.9	215	38.96	0	299	299
81.2	215	36.48	0	299	299
82	215	35.04	0	299	299
82.6	215	31.7	0	299	299
86.2	225	32.56	0	299	299
78.8	215	29.32	0	299	299
77	215	27.36	0	299	299
71.7	215	24.98	0	299	299
70.9	215	23.38	0	299	299
72.7	215	23.38	0	299	299
80.6	220	25.4	0	299	299
78.1	220	24.34	0	299	299
78.7	220	22.9	0	299	299
79.2	220	21.84	0	299	299
84.2	220	20.66	0	299	299
83.1	220	18.06	0	299	299
85.4	220	18.7	0	299	299
83.4	220	16.52	0	299	299
83.3	220	14.66	0	299	299
79.6	220	11.14	0	299	299
72.4	220	7.2	0	299	299
70.8	220	5.6	0	299	299
73	220	6.24	0	299	299
70.8	220	4.32	0	299	299
73.4	220	4.32	0	299	299
74.3	220	4.32	0	299	299
72	185	3.2	0	299	299
75.5	185	3.52	0	299	299
77.5	185	4.16	0	299	299
81.3	185	4.8	0	299	299
83.2	185	4.8	0	299	299
83.7	185	4.8	0	299	299
84.7	185	4.8	0	299	299
81.5	185	3.2	0	299	299
81.5	185	3.2	0	299	299
84.2	190	3.52	0	299	299
85	190	3.52	0	299	299
85.3	190	3.52	0	299	299
86.2	190	3.52	0	299	299
86.4	190	3.2	0	299	299
86.5	190	3.2	0	299	299
87.1	190	3.2	0	299	299
87.5	190	3.2	0	299	299
89.4	190	3.2	0	299	299
88.9	190	2.88	0	299	299
89.7	190	2.88	0	299	299
89.8	190	2.88	0	299	299
91.1	190	2.88	0	299	299
91.8	190	2.88	0	299	299
92	190	2.88	0	299	299
93.2	190	2.88	0	299	299
93.2	190	2.56	0	299	299
93.2	190	2.56	0	299	299
93.6	190	2.56	0	299	299
94.8	190	2.56	0	299	299
95.7	190	2.56	0	299	299
96.4	190	2.56	0	299	299
96.9	190	2.56	0	299	299
97	190	2.56	0	299	299
97.4	190	2.56	0	299	299
98	190	2.56	0	299	299
98.5	190	2.56	0	299	299
99.2	190	2.56	0	299	299
99.3	190	2.56	0	299	299
99.3	190	2.56	0	299	299
99.3	190	2.56	0	299	299
99.5	190	2.56	0	299	299
99.6	190	2.56	0	299	299
100.1	190	2.56	0	299	299
100.7	190	2.56	0	299	299
100.7	190	2.56	0	299	299
100.7	190	2.56	0	299	299
101.3	190	2.56	0	299	299
101.9	190	2.56	0	299	299
102.8	190	2.56	0	299	299
104	190	2.56	0	299	299
104	190	2.56	0	299	299
100.1	190	0.64	0	299	299
100.7	190	0.64	0	299	299
101.6	190	0.64	0	299	299
102.9	190	0.64	0	299	299
// 2111	300
96.8	200	175.16	77	299	299
88.8	180	137.92	77	299	299
76.1	145	117.72	45	299	299
68.9	155	100.44	45	299	299
62.5	155	87.76	45	299	299
59.3	155	83.14	45	299	299
72.6	180	84.64	45	299	299
76.7	180	79.22	40	299	299
73.1	155	71.1	16	299	299
69	155	61.96	0	299	299
62.9	145	53.9	0	299	299
52.5	145	42.02	0	299	299
62.3	165	42.24	0	299	299
58	160	34.26	0	299	299
52.3	160	25.32	0	299	299
43.4	140	14.06	0	299	299
40.2	140	7.14	0	299	299
35.3	125	1.28	0	299	299
35.6	125	1.28	0	299	299
39.1	125	1.44	0	299	299
40.6	125	1.28	0	299	299
43.2	125	1.6	0	299	299
44.7	100	0.32	0	299	299
47.2	100	0.32	0	299	299
47.2	100	0.32	0	299	299
50.7	100	0.64	0	299	299
53.9	110	0.96	0	299	299
56	110	0.96	0	299	299
58.2	110	0.96	0	299	299
60.8	110	0.32	0	299	299
62.7	140	0.96	0	299	299
64.3	140	0.96	0	299	299
66.5	110	0.48	0	299	299
71	110	0.48	0	299	299
75.1	110	0.64	0	299	299
78.1	110	0.48	0	299	299
80.2	110	0.48	0	299	299
84.5	110	0.48	0	299	299
88.9	110	0.16	0	299	299
93.1	110	0	0	299	299
97.5	120	0	0	299	299
101.2	120	0	0	299	299
103	135	0	0	299	299
108.4	140	0	0	299	299
114.4	145	0	0	299	299
120.7	150	0	0	299	299
129.1	150	0	0	299	299
135.6	160	0	0	299	299
138.9	160	0	0	299	299
143.2	160	0	0	299	299
147.7	165	0	0	299	299
153	180	0	0	299	299
156.5	180	0	0	299	299
160.7	180	0	0	299	299
162.5	190	0	0	299	299
166.7	190	0	0	299	299
168.8	190	0	0	299	299
170.3	190	0	0	299	299
170.7	190	0	0	299	299
171.9	190	0	0	299	299
174.3	200	0	0	299	299
175.5	200	0	0	299	299
177	200	0	0	299	299
178.4	200	0	0	299	299
181.2	200	0	0	299	299
182.2	200	0	0	299	299
185.4	205	0	0	299	299
187.5	205	0	0	299	299
188.6	205	0	0	299	299
190.9	205	0	0	299	299
193.4	205	0	0	299	299
195	205	0	0	299	299
197.6	205	0	0	299	299
199.2	205	0	0	299	299
200.2	205	0	0	299	299
201.2	205	0	0	299	299
201.4	205	0	0	299	299
201.6	205	0	0	299	299
202	205	0	0	299	299
202.2	205	0	0	299	299
202.5	205	0	0	299	299
202.8	205	0	0	299	299
203.2	210	0	0	299	299
203.9	210	0	0	299	299
204.9	210	0	0	299	299
205.3	210	0	0	299	299
205.4	210	0	0	299	299
205.4	210	0	0	299	299
205.6	210	0	0	299	299
205.6	210	0	0	299	299
205.7	210	0	0	299	299
206	210	0	0	299	299
206.4	210	0	0	299	299
207.1	210	0	0	299	299
207.5	210	0	0	299	299
208.7	215	0	0	299	299
209.7	215	0	0	299	299
210.5	215	0	0	299	299
210.9	215	0	0	299	299
211.3	215	0	0	299	299
212	215	0	0	299	299
// 2111	300
96.4	190	186.24	90	299	299
90.6	160	153.68	90	299	299
70.2	150	127.36	90	299	299
64.3	150	108.8	16	299	299
52.9	150	90.46	16	299	299
47.9	155	80.38	16	299	299
69.5	200	77.72	16	299	299
66.3	200	69	16	299	299
59.1	200	58.38	0	299	299
50.4	200	47.64	0	299	299
43.6	185	38.22	0	299	299
43.6	185	30.3	0	299	299
55.4	190	33.04	0	299	299
46.6	190	19.56	0	299	299
35.7	185	7.84	0	299	299
37.1	195	5.28	0	299	299
39.5	195	5.28	0	299	299
35.7	195	3.04	0	299	299
42.7	195	5.12	0	299	299
44.3	195	5.12	0	299	299
49.5	195	6.08	0	299	299
43.7	195	3.84	0	299	299
44.5	195	3.84	0	299	299
49	205	4.96	0	299	299
58.3	205	7.78	0	299	299
59.1	205	7.78	0	299	299
60	205	7.78	0	299	299
58.2	205	6.82	0	299	299
58.6	205	6.82	0	299	299
59	205	6.82	0	299	299
64.8	205	8.74	0	299	299
67.5	205	9.38	0	299	299
67.7	205	9.38	0	299	299
68.2	205	9.38	0	299	299
69.8	205	9.38	0	299	299
59.7	195	5.38	0	299	299
59.7	195	5.38	0	299	299
62.8	195	6.02	0	299	299
63.1	195	6.02	0	299	299
63.9	195	6.02	0	299	299
64.8	195	6.02	0	299	299
61.7	195	4.16	0	299	299
64.4	195	4.8	0	299	299
65.7	195	4.8	0	299	299
67.2	195	4.8	0	299	299
68.2	195	4.8	0	299	299
69.2	195	4.8	0	299	299
71	195	4.8	0	299	299
75.4	195	6.08	0	299	299
79.2	195	6.72	0	299	299
73.1	195	4.1	0	299	299
74.1	195	4.1	0	299	299
77.4	195	4.74	0	299	299
79.4	195	4.74	0	299	299
88	195	7.3	0	299	299
92.9	195	8.58	0	299	299
91.5	195	7.3	0	299	299
88.1	180	5.76	0	299	299
89	180	5.76	0	299	299
90.1	180	5.76	0	299	299
98.7	180	8.32	0	299	299
101.4	180	8.96	0	299	299
104.3	180	9.28	0	299	299
109.6	180	10.24	0	299	299
105.4	180	8	0	299	299
106.6	180	7.04	0	299	299
112.7	180	8.64	0	299	299
111.5	180	7.04	0	299	299
115.2	180	7.68	0	299	299
123	180	9.28	0	299	299
128.7	180	10.24	0	299	299
139.9	190	12.8	0	299	299
151.4	190	15.68	0	299	299
160.1	190	16	0	299	299
173.6	190	16	16	299	299
178.5	190	16	16	299	299
182.5	195	16	16	299	299
184.4	195	16	16	299	299
185.4	195	16	16	299	299
187.1	195	16	16	299	299
188.1	195	16	16	299	299
189.3	195	16	16	299	299
190.5	195	16	16	299	299
190.8	195	16	16	299	299
190.9	195	16	16	299	299
191.3	195	16	16	299	299
192	195	16	16	299	299
192.8	195	16	16	299	299
193.6	195	16	16	299	299
194.8	195	16	16	299	299
195.1	200	16	16	299	299
195.1	200	16	16	299	299
195.1	200	16	16	299	299
195.2	200	16	16	299	299
195.2	200	16	16	299	299
195.2	200	16	16	299	299
195.3	200	16	16	299	299
195.3	200	16	16	299	299
195.4	200	16	16	299	299
195.5	200	16	16	299	299
195.6	200	16	16	299	299
// 2111	300
97.3	200	175.1	45	299	299
84.5	160	130.14	45	299	299
79.3	160	115.38	45	299	299
70.5	160	97	16	299	299
57.5	170	82.06	16	299	299
59.4	210	75.66	16	299	299
72.7	210	74.94	16	299	299
70.6	210	68.54	16	299	299
66.6	210	64.18	16	299	299
60.3	210	57.76	16	299	299
54.9	210	51.4	0	299	299
49.7	210	44.18	0	299	299
50.2	210	43.92	0	299	299
44.8	170	39.04	0	299	299
39.7	135	33.58	0	299	299
40.6	135	30.3	0	299	299
40.6	135	27.4	0	299	299
37.3	135	21.02	0	299	299
37.3	135	21.02	0	299	299
33.5	135	12.68	0	299	299
28.4	45	6.08	0	299	299
27	55	0.8	0	299	299
28.4	55	0	0	299	299
30.7	55	0	0	299	299
30.7	55	0	0	299	299
34.2	60	0	0	299	299
36.6	60	0	0	299	299
38.1	60	0	0	299	299
39.4	60	0	0	299	299
43	60	0	0	299	299
43	60	0	0	299	299
43.8	60	0	0	299	299
46	65	0	0	299	299
50.2	65	0	0	299	299
54.9	65	0	0	299	299
57.7	65	0	0	299	299
58.1	70	0	0	299	299
60.2	70	0	0	299	299
62.4	70	0	0	299	299
63.4	80	0	0	299	299
65.3	85	0	0	299	299
68.7	85	0	0	299	299
69.1	85	0	0	299	299
71	95	0	0	299	299
73.5	105	0	0	299	299
76.1	110	0	0	299	299
79.4	110	0	0	299	299
80.9	110	0	0	299	299
80.9	110	0	0	299	299
82.4	110	0	0	299	299
85.4	110	0	0	299	299
88.3	115	0	0	299	299
90.3	115	0	0	299	299
92.7	115	0	0	299	299
92.7	115	0	0	299	299
94.7	115	0	0	299	299
96.4	115	0	0	299	299
98.5	115	0	0	299	299
101.5	115	0	0	299	299
104.7	115	0	0	299	299
104.7	115	0	0	299	299
108.1	115	0	0	299	299
110.2	120	0	0	299	299
112.7	125	0	0	299	299
114.3	125	0	0	299	299
116.4	125	0	0	299	299
116.4	125	0	0	299	299
117.5	125	0	0	299	299
118.3	125	0	0	299	299
119.5	125	0	0	299	299
120.7	125	0	0	299	299
121.4	125	0	0	299	299
121.4	125	0	0	299	299
121.7	125	0	0	299	299
122.4	125	0	0	299	299
123.6	125	0	0	299	299
125	125	0	0	299	299
125	125	0	0	299	299
125	125	0	0	299	299
125	125	0	0	299	299
125	125	0	0	299	299
125	125	0	0	299	299
125	125	0	0	299	299
125	125	0	0	299	299
125	125	0	0	299	299
125	125	0	0	299	299
125	125	0	0	299	299
125	125	0	0	299	299
125	125	0	0	299	299
125	125	0	0	299	299
125	125	0	0	299	299
125	125	0	0	299	299
125	125	0	0	299	299
125	125	0	0	299	299
125	125	0	0	299	299
125	125	0	0	299	299
125	125	0	0	299	299
125	125	0	0	299	299
125	125	0	0	299	299
125	125	0	0	299	299
125	125	0	0	299	299
// 2111	300
99.6	190	193.66	101	299	299
90.4	165	144.56	64	299	299
82.5	215	122.38	45	299	299
76.8	215	112.36	45	299	299
75.1	215	102.68	45	299	299
59.1	130	91.52	45	299	299
62.1	155	87.58	45	299	299
58.7	155	80.48	32	299	299
54.4	130	73.94	32	299	299
48.7	130	64.98	0	299	299
41.4	120	52.92	0	299	299
36.4	120	44.74	0	299	299
36.9	120	44.42	0	299	299
39.4	120	43.68	0	299	299
42	120	41.74	0	299	299
44.2	120	38.9	0	299	299
44.9	120	35.6	0	299	299
42.1	120	30.7	0	299	299
44.7	170	30.82	0	299	299
42.7	170	24.88	0	299	299
42.1	170	22	0	299	299
38.2	170	15.14	0	299	299
34.1	120	10.08	0	299	299
30.3	55	5.76	0	299	299
32.1	120	5.76	0	299	299
31.6	120	1.12	0	299	299
32.9	120	0.32	0	299	299
34	120	0.32	0	299	299
35	120	0.32	0	299	299
36.4	120	0.32	0	299	299
36.4	120	0.32	0	299	299
37.2	120	0.32	0	299	299
38.1	120	0.32	0	299	299
38.5	120	0.32	0	299	299
39	120	0.32	0	299	299
39.9	120	0.32	0	299	299
39.9	120	0.32	0	299	299
41	120	0.32	0	299	299
42.2	120	0.32	0	299	299
43.2	120	0.32	0	299	299
43.4	120	0.32	0	299	299
44.1	120	0.32	0	299	299
46	135	0.96	0	299	299
46.1	135	0.96	0	299	299
46.9	135	0.96	0	299	299
47.1	135	0.96	0	299	299
48	135	0.96	0	299	299
48.6	135	0.96	0	299	299
50.5	135	1.6	0	299	299
51.4	135	1.6	0	299	299
50.8	135	1.28	0	299	299
48.3	120	0.32	0	299	299
48.5	120	0.32	0	299	299
48.6	120	0.32	0	299	299
48.6	120	0.32	0	299	299
50	120	0.64	0	299	299
50.2	120	0.64	0	299	299
50.2	120	0.64	0	299	299
50.5	120	0.64	0	299	299
50.7	120	0.64	0	299	299
50.7	120	0.64	0	299	299
51.3	120	0.64	0	299	299
51.8	120	0.64	0	299	299
52.3	120	0.64	0	299	299
53.4	120	0.64	0	299	299
54.8	120	0.96	0	299	299
54.8	120	0.96	0	299	299
55.6	120	0.96	0	299	299
56.4	120	0.96	0	299	299
56.8	120	0.96	0	299	299
57	120	0.96	0	299	299
57	120	0.96	0	299	299
57	120	0.96	0	299	299
57.5	120	0.96	0	299	299
58	120	0.96	0	299	299
59.8	120	1.28	0	299	299
60.1	120	1.28	0	299	299
61	120	1.28	0	299	299
62	120	1.6	0	299	299
63.3	120	1.92	0	299	299
61.6	120	1.28	0	299	299
60.5	120	0.64	0	299	299
60.7	120	0.64	0	299	299
61	120	0.64	0	299	299
61	120	0.64	0	299	299
61.8	120	0.64	0	299	299
62.1	120	0.64	0	299	299
62.1	120	0.64	0	299	299
62.3	120	0.64	0	299	299
62.9	120	0.64	0	299	299
62.9	120	0.64	0	299	299
63.1	120	0.64	0	299	299
63.6	120	0.64	0	299	299
63.8	120	0.64	0	299	299
64.1	120	0.64	0	299	299
63.4	120	0.32	0	299	299
63.4	120	0.32	0	299	299
63.8	120	0.32	0	299	299
64.1	120	0.32	0	299	299
64.1	120	0.32	0	299	299
64.7	120	0.32	0	299	299
// 2111	300
95.7	190	179.52	45	299	299
88.1	180	138.74	45	299	299
69.5	140	107.5	45	299	299
64	155	90.46	45	299	299
51.7	140	74.62	45	299	299
46.2	140	61	45	299	299
54.2	200	61.38	45	299	299
45.4	200	50.02	16	299	299
39.1	185	44.86	0	299	299
44.1	185	45.56	0	299	299
48.3	185	45.56	0	299	299
48.4	185	44.94	0	299	299
62.6	200	45.12	0	299	299
65.2	200	43.92	0	299	299
65.2	200	43.92	0	299	299
66.1	200	41.66	0	299	299
65.5	200	38.38	0	299	299
66.4	200	36.96	0	299	299
71.1	185	31.18	0	299	299
73.2	185	30.54	0	299	299
71.7	185	26.62	0	299	299
63.5	185	21.86	0	299	299
55.3	185	17.42	0	299	299
56.2	185	14.66	0	299	299
77.8	185	13.76	0	299	299
81.9	185	12.8	0	299	299
83.5	185	11.2	0	299	299
90.3	185	11.84	0	299	299
94.3	185	12.16	0	299	299
98	185	11.84	0	299	299
120.4	175	11.84	0	299	299
128.1	195	10.88	0	299	299
130	200	9.6	0	299	299
135.5	200	8.96	0	299	299
142.4	210	9.92	0	299	299
149.5	210	9.92	0	299	299
170.7	210	11.68	0	299	299
176.7	210	10.4	0	299	299
182.1	210	10.88	0	299	299
187.4	210	10.56	0	299	299
188.9	210	9.6	0	299	299
191	230	9.6	0	299	299
192	230	8.96	0	299	299
196.3	230	9.28	0	299	299
196	230	7.84	0	299	299
197.9	235	7.68	0	299	299
198.9	230	7.2	0	299	299
200.2	245	7.2	0	299	299
200.8	245	6.24	0	299	299
204.4	245	7.2	0	299	299
209.5	245	8.16	0	299	299
208.1	245	7.2	0	299	299
208.7	245	6.88	0	299	299
211.1	245	6.56	0	299	299
205.8	245	4	0	299	299
201.6	245	1.92	0	299	299
203.6	245	1.6	0	299	299
205.1	245	1.12	0	299	299
204.7	245	0.48	0	299	299
205.8	245	0.48	0	299	299
207.1	230	0.16	0	299	299
208.1	230	0.16	0	299	299
209.8	230	0.16	0	299	299
210.2	230	0	0	299	299
211.3	230	0	0	299	299
212.4	230	0	0	299	299
215.2	230	0	0	299	299
216	230	0	0	299	299
217.6	230	0	0	299	299
218.7	230	0	0	299	299
219.1	230	0	0	299	299
220	235	0	0	299	299
220.8	235	0	0	299	299
221.8	235	0	0	299	299
222.3	235	0	0	299	299
223.7	235	0	0	299	299
224.3	235	0	0	299	299
224.9	235	0	0	299	299
227.1	245	0	0	299	299
227.7	245	0	0	299	299
229.6	250	0	0	299	299
231.1	250	0	0	299	299
232.9	250	0	0	299	299
233.7	250	0	0	299	299
235.6	250	0	0	299	299
237.4	250	0	0	299	299
239.4	250	0	0	299	299
240.6	250	0	0	299	299
241.5	250	0	0	299	299
242.2	255	0	0	299	299
244.1	260	0	0	299	299
244.7	260	0	0	299	299
245.8	260	0	0	299	299
246.5	260	0	0	299	299
247.8	260	0	0	299	299
248.4	260	0	0	299	299
249.4	260	0	0	299	299
250.4	260	0	0	299	299
251.3	260	0	0	299	299
251.6	260	0	0	299	299
251.8	260	0	0	299	299
// 2111	300
102.3	185	191.98	61	299	299
91.1	180	145.96	61	299	299
77	180	122.72	61	299	299
76.4	180	114.78	61	299	299
71.6	180	102.14	32	299	299
59.2	135	88.6	32	299	299
67.5	155	85.8	32	299	299
67.9	155	81.08	32	299	299
69.4	155	75.52	16	299	299
70.1	165	68.38	0	299	299
57.2	165	56.8	0	299	299
55.8	165	53.2	0	299	299
65.2	200	54.1	0	299	299
58.2	200	46.7	0	299	299
56.4	200	40.36	0	299	299
54.7	175	34.32	0	299	299
54	175	30.32	0	299	299
43.6	175	20.46	0	299	299
46.4	175	19.78	0	299	299
39.3	175	13.6	0	299	299
33.8	175	7.84	0	299	299
25.3	175	3.04	0	299	299
22.6	165	1.12	0	299	299
24.1	165	1.12	0	299	299
27.1	165	1.92	0	299	299
30.4	165	1.92	0	299	299
30.9	165	1.92	0	299	299
32.5	165	1.92	0	299	299
32.7	165	1.6	0	299	299
39.7	165	3.3	0	299	299
53.7	165	7.4	0	299	299
57.2	165	8.3	0	299	299
61.6	165	9.2	0	299	299
66.9	165	10	0	299	299
75.1	165	12.5	0	299	299
78.7	165	13.3	0	299	299
97.4	165	18.16	0	299	299
93.7	165	16.48	0	299	299
104.4	170	19.56	0	299	299
105.5	165	18.72	0	299	299
114.3	170	20.96	0	299	299
125.3	170	23.52	0	299	299
154.1	170	32.32	0	299	299
147	170	27.68	0	299	299
133.4	175	18.08	0	299	299
129.5	175	14.4	0	299	299
115.8	175	7.04	0	299	299
117.3	175	5.28	0	299	299
119.1	180	5.6	0	299	299
115.1	180	3.2	0	299	299
118.6	180	2.88	0	299	299
123	180	3.36	0	299	299
131.6	180	4.16	0	299	299
136.4	180	4.16	0	299	299
137.1	180	4.16	0	299	299
139.4	180	3.52	0	299	299
143.4	185	3.04	0	299	299
146.8	185	3.04	0	299	299
149.1	185	3.2	0	299	299
148.9	185	1.92	0	299	299
154.5	195	3.04	0	299	299
156.4	195	2.72	0	299	299
160.8	195	2.56	0	299	299
162.7	195	2.72	0	299	299
159.9	195	1.12	0	299	299
162.4	195	0.8	0	299	299
166.4	195	0.64	0	299	299
169.5	195	0.96	0	299	299
170.1	195	0.48	0	299	299
172.1	195	0.64	0	299	299
174	195	0.32	0	299	299
175.9	195	0.16	0	299	299
179.3	200	0.32	0	299	299
180.5	200	0.16	0	299	299
182	200	0.16	0	299	299
183.8	215	0.16	0	299	299
184.6	215	0.16	0	299	299
186.4	215	0.16	0	299	299
188.3	215	0.16	0	299	299
189.6	215	0.16	0	299	299
191.7	215	0.16	0	299	299
192.6	215	0.16	0	299	299
194.4	215	0.16	0	299	299
195	215	0.16	0	299	299
197.7	215	0.16	0	299	299
199	220	0	0	299	299
200.2	220	0	0	299	299
201.7	220	0	0	299	299
203.6	220	0	0	299	299
205.3	220	0	0	299	299
207.4	220	0	0	299	299
209.4	225	0	0	299	299
210.9	230	0	0	299	299
213.1	230	0	0	299	299
214.4	230	0	0	299	299
216.2	230	0	0	299	299
218.8	235	0	0	299	299
220.2	235	0	0	299	299
221.1	245	0	0	299	299
222.4	245	0	0	299	299
224.5	245	0	0	299	299
// 2111	300
107.6	195	182.4	90	299	299
99.6	175	139.58	45	299	299
83.3	160	121.02	45	299	299
72.5	165	102.24	45	299	299
60.8	155	88.8	40	299	299
54.8	145	77.92	40	299	299
60.8	145	77.84	40	299	299
54.8	145	69.94	40	299	299
48.7	145	61.46	24	299	299
37.2	145	50.18	24	299	299
32.6	145	45.6	24	299	299
35.3	145	45.02	16	299	299
37.9	145	45.24	16	299	299
39.3	145	44.14	16	299	299
43	145	41.24	0	299	299
44.2	145	37.82	0	299	299
43.2	145	32.64	0	299	299
44.7	145	30.28	0	299	299
59.2	250	31.8	0	299	299
57.9	250	27.8	0	299	299
51.9	250	21.04	0	299	299
42.5	250	13.7	0	299	299
40.9	250	9.7	0	299	299
25.6	250	3.46	0	299	299
31.2	255	5	0	299	299
32.2	255	5	0	299	299
35.2	255	5.32	0	299	299
37.4	255	5.32	0	299	299
39.4	255	5.64	0	299	299
41.7	255	5.96	0	299	299
66	285	11.4	0	299	299
68.2	285	11.4	0	299	299
70	285	11.72	0	299	299
77.3	285	13.48	0	299	299
78.3	285	12.36	0	299	299
78.5	285	11.14	0	299	299
89.6	285	11.52	0	299	299
88.2	285	8.8	0	299	299
88.3	285	7.52	0	299	299
95.6	285	8.48	0	299	299
92.8	165	6.4	0	299	299
99.3	165	7.68	0	299	299
132.9	175	12.16	0	299	299
146.1	185	12.8	0	299	299
154.7	205	12.32	0	299	299
156.2	205	10.88	0	299	299
152.4	190	7.04	0	299	299
150.9	190	3.84	0	299	299
154	190	2.08	0	299	299
158.7	200	1.6	0	299	299
163.4	200	0.32	0	299	299
166.1	210	0.32	0	299	299
168.7	215	0	0	299	299
172.1	215	0.32	0	299	299
180	215	0	0	299	299
183.9	220	0.32	0	299	299
186.2	220	0	0	299	299
189.7	220	0	0	299	299
193	220	0	0	299	299
197	230	0.32	0	299	299
201.7	220	0	0	299	299
204	220	0	0	299	299
205.9	220	0	0	299	299
208.1	225	0.16	0	299	299
208.8	225	0.16	0	299	299
210.1	225	0.16	0	299	299
211.4	225	0	0	299	299
212.1	225	0	0	299	299
212.6	225	0	0	299	299
213.6	235	0	0	299	299
214.5	245	0	0	299	299
215.2	245	0	0	299	299
217.5	245	0	0	299	299
217.9	245	0	0	299	299
218.9	245	0	0	299	299
219.8	245	0	0	299	299
220.2	245	0	0	299	299
221.3	245	0	0	299	299
223.2	245	0	0	299	299
224.6	245	0	0	299	299
225.2	245	0	0	299	299
226.4	245	0	0	299	299
227.6	245	0	0	299	299
228.3	245	0	0	299	299
231.5	245	0	0	299	299
232.2	245	0	0	299	299
232.7	245	0	0	299	299
233.1	245	0	0	299	299
233.5	245	0	0	299	299
234.5	245	0	0	299	299
235.5	245	0	0	299	299
236.1	245	0	0	299	299
236.8	245	0	0	299	299
238.4	250	0	0	299	299
238.7	250	0	0	299	299
239.7	250	0	0	299	299
240.1	250	0	0	299	299
240.5	250	0	0	299	299
241.4	250	0	0	299	299
241.9	250	0	0	299	299
242.5	250	0	0	299	299
// 2111	300
109	195	188.12	90	299	299
100.5	190	145.26	53	299	299
87.1	190	127.48	53	299	299
82.7	190	114.08	53	299	299
69.5	175	95.68	45	299	299
63.6	175	86.76	45	299	299
71.4	175	79.88	45	299	299
68.9	140	74.96	45	299	299
68.5	140	69.8	45	299	299
67.5	140	65.14	45	299	299
66.3	140	60.8	45	299	299
61.8	140	54.84	32	299	299
67.5	190	49.4	32	299	299
67.3	190	47.48	32	299	299
69.6	190	46.32	32	299	299
71.9	190	45.16	32	299	299
75.3	190	43.74	8	299	299
75.2	145	41.72	8	299	299
99.1	210	43.84	8	299	299
96.3	210	39.92	0	299	299
96.8	160	37.1	0	299	299
98.4	170	35.5	0	299	299
93.1	190	31.64	0	299	299
89.8	190	28.36	0	299	299
104.2	205	28.78	0	299	299
92	205	22.42	0	299	299
69.5	205	12.72	0	299	299
59.1	205	8.48	0	299	299
63.3	205	9.12	0	299	299
66.2	205	9.12	0	299	299
83.2	205	10.4	0	299	299
87.9	205	9.44	0	299	299
85	205	5.78	0	299	299
83	205	1.8	0	299	299
84.9	120	0	0	299	299
88.5	120	0	0	299	299
101	165	0.64	0	299	299
105.7	165	0.64	0	299	299
108.3	165	0.64	0	299	299
114.4	165	0.64	0	299	299
119.4	175	0.48	0	299	299
126.3	180	0.8	0	299	299
147.3	190	0.96	0	299	299
153.1	195	0.16	0	299	299
160.2	195	0	0	299	299
165.5	200	0	0	299	299
168.7	200	0	0	299	299
173.2	200	0	0	299	299
178.7	200	0	0	299	299
182.9	210	0	0	299	299
184.4	210	0	0	299	299
187.2	210	0	0	299	299
188.6	210	0	0	299	299
190.6	210	0	0	299	299
196	210	0	0	299	299
197.4	210	0	0	299	299
198.2	210	0	0	299	299
199.7	215	0	0	299	299
201	215	0	0	299	299
202.2	215	0	0	299	299
203.3	215	0	0	299	299
205.3	235	0.16	0	299	299
205.4	235	0.16	0	299	299
206.3	235	0.16	0	299	299
208.6	235	0.16	0	299	299
209.2	235	0	0	299	299
210.2	235	0	0	299	299
212.5	235	0	0	299	299
213.8	235	0	0	299	299
216.4	240	0	0	299	299
216.7	240	0	0	299	299
218.5	240	0	0	299	299
219.9	240	0	0	299	299
221.3	240	0	0	299	299
223.3	240	0	0	299	299
225.3	240	0	0	299	299
225.9	240	0	0	299	299
227.7	240	0	0	299	299
228.1	240	0	0	299	299
229.6	240	0	0	299	299
229.7	240	0	0	299	299
231.2	240	0	0	299	299
231.9	240	0	0	299	299
232.6	240	0	0	299	299
232.7	240	0	0	299	299
233.3	240	0	0	299	299
233.4	240	0	0	299	299
233.8	240	0	0	299	299
233.9	240	0	0	299	299
234.4	240	0	0	299	299
234.5	240	0	0	299	299
235.5	255	0	0	299	299
235.6	255	0	0	299	299
236.1	255	0	0	299	299
236.5	255	0	0	299	299
237.1	255	0	0	299	299
237.7	255	0	0	299	299
237.9	255	0	0	299	299
238.4	255	0	0	299	299
238.6	255	0	0	299	299
238.7	255	0	0	299	299
// 2111	300
100	190	180.78	77	299	299
83.9	165	134.48	45	299	299
7	120	4.3	0	4037269248	299
